DRAQ5+2 & R3 & R2 & R1
Object Number	Diameter_AdaptiveErode(Object(M01, Ch01, Tight), Ch01, 97)
0	11.8733586417342
1	19.3745077329423
6	11.5592568518369
12	23.3075380618047
16	19.8900018271049
20	27.0618279799503
23	19.0243260670949
30	13.6013404276778
34	19.6537616445275
70	14.4882019991835
92	23.0449267359673
93	16.3861747605655
136	19.0985821107534
149	18.1212398789035
151	15.2404646322895
195	16.2604422325911
198	14.8786076405694
207	19.8722031641871
209	12.0332165893496
218	13.0272728238016
231	15.9217833396066
240	23.1001389382561
287	16.9675599062439
288	20.162117189628
295	14.0568051888068
302	23.4980537056733
303	10.0247393910494
311	13.4443362397896
312	15.6754052513727
322	19.8294211917116
331	16.4680307505522
337	18.3077412574697
342	16.0985992366248
344	11.5531327418166
345	10.8257772113276
351	20.3333855416823
358	25.786976419624
361	19.6032840959384
370	11.5776097454027
372	22.7264105864914
374	18.9086529131344
375	18.3077412574697
378	20.8658981157177
379	20.4755909089696
381	23.7496973571808
383	18.4079739022173
384	15.1145660260926
389	21.0146041625914
395	12.5682848248872
402	18.9759038174739
405	12.5570178707401
415	13.1408613255183
416	20.2006915859833
425	23.4105486110502
427	21.1923419516488
431	21.4907936311993
438	23.3409147525584
448	22.7014844363133
453	20.6202478494553
454	19.592450558722
458	15.5621257987851
459	19.7077012619542
463	17.9564622475385
464	18.7054495505313
467	21.3188645201917
473	18.0468839756735
475	19.1393001341457
490	24.3267448835902
496	13.2748185220761
497	20.0741724399972
503	16.0060144392886
512	23.6092272675893
517	22.0178143148799
535	16.9257986814494
537	13.4706306835289
548	11.6628747249841
550	15.1939571554302
552	18.9460439975316
555	22.2257605109513
566	15.4754788572074
586	20.6202478494553
589	11.8852737060889
591	15.1706499517172
600	19.0948761667754
604	22.0178143148799
608	21.7916532194183
618	17.1995490320906
627	20.2006915859833
628	14.9734372024613
630	18.6182265026325
635	11.2615435782596
643	18.0977920710939
649	15.0629723220017
670	17.8774629104142
674	23.2710725301189
712	19.6753552364402
717	18.5839843078121
728	26.1521488659023
731	11.4361515656578
737	14.1271147638113
738	15.0347556772027
749	15.9661708897405
753	16.3039078066105
761	15.6618549777687
779	19.2903101351351
803	25.729278142138
807	19.0503486063658
818	11.9387443401292
835	20.7331988444652
840	17.4811596085537
846	20.5204746457923
852	14.0869808339572
856	10.5274890395434
858	20.2985501802388
861	21.4347377640796
904	22.450700886075
906	21.4677295302014
910	11.7354659324245
924	19.879324541647
933	18.8561808316413
983	16.3861747605655
996	15.3515077373174
999	19.7650746038983
1005	18.7922677628758
1007	21.3089032092265
1008	21.0314360468779
1013	16.8755487971363
1016	20.6168154319784
1019	13.904944718157
1024	14.2468382159251
1028	22.3400978442673
1042	16.0104353796959
1043	18.9423082104506
1047	13.689510192608
1066	19.3233007133878
1070	19.7829696502111
1072	11.6689412402057
1074	17.5699995226857
1095	21.9631035903534
1101	19.4728838630748
1127	12.021448159552
1140	15.8147449272041
1141	12.6244687653188
1165	16.2821895236158
1181	16.4680307505522
1194	18.0977920710939
1195	12.5118485953303
1207	22.7232963130151
1210	17.2036632646652
1213	20.95051967358
1224	12.0332165893496
1231	21.9211738441049
1233	16.05457782735
1236	25.6797192939265
1237	14.2964270822385
1239	23.1460485011431
1244	20.1340166642098
1265	23.9455622289395
1270	20.7502589961582
1275	14.4833164141519
1277	17.6182688430958
1287	16.4937956123309
1295	13.9810811407965
1310	15.5712184818856
1315	13.04898496024
1317	13.2053303698517
1318	16.8629629292845
1322	14.9355776293532
1355	19.964582936615
1357	21.3454052892866
1360	23.3196805674796
1370	15.8683543857878
1377	20.5996447656932
1386	15.3007130168889
1389	17.1995490320906
1398	12.8962323810061
1402	21.8403134658346
1410	25.6466268584084
1412	13.2053303698517
1413	16.9425155237279
1415	22.3210822943518
1416	19.8401253334854
1418	16.8209420243755
1436	12.9291170048509
1458	16.2734940946786
1460	16.4163797166339
1463	13.7153346075489
1466	18.9721739100536
1468	12.879758583716
1479	20.5135758475991
1483	23.1766043540526
1496	18.4617199257962
1499	23.7407560138167
1500	9.16159867623097
1511	19.5562954244649
1513	18.8186111971244
1515	15.5803058584875
1521	20.1726447948305
1532	20.609948882102
1536	21.5236994744356
1540	18.3733398660776
1548	15.4663298887121
1549	23.9100697752974
1556	20.6579668011324
1564	14.1471390329176
1571	15.3561171077072
1581	17.932798988085
1588	11.75956342378
1611	16.6560475724592
1613	18.3193345512485
1616	15.9528675927023
1621	11.6992266304609
1634	19.0243260670949
1635	17.6222853184342
1680	24.5180003779594
1695	21.2956142131044
1703	18.5382296606926
1716	23.9780508266151
1726	22.7046017016127
1735	13.766838110621
1736	17.6944259738749
1739	16.489504264369
1741	19.8294211917116
1742	15.9883184532929
1743	17.3837255402541
1746	18.0899693812661
1755	24.4312516673329
1774	15.5757628329183
1786	15.8505047126627
1788	21.0415287145212
1792	16.8965044103223
1796	22.7886066814062
1797	18.4540515059739
1798	18.4655529414974
1809	16.8923153673893
1824	26.6931927516761
1828	14.5272275298062
1829	12.5457407980829
1831	15.5484768040829
1836	20.95051967358
1839	18.9684432691936
1843	22.5701705201952
1847	19.271957633468
1848	16.6942446994867
1886	21.0818510677892
1887	18.2574185835055
1888	20.7263708519058
1889	18.6258273302619
1902	16.089804590114
1906	17.7263942492137
1909	19.179931715432
1912	15.3422848420798
1918	16.5537576741709
1921	20.1901786050028
1931	14.3704895382271
1938	17.3102900887953
1942	15.2218786928966
1956	25.0180402001531
1959	19.4983077640526
1979	16.5836574027591
1985	19.7220602447422
1989	20.6990363581765
2005	12.5964081198967
2007	17.6182688430958
2022	15.9706028595385
2034	23.6122246937764
2035	13.9760182830745
2057	19.301313259978
2062	16.9132502067121
2070	19.3598909766309
2077	22.6265412295234
2078	23.9041492428864
2085	18.6751573046616
2095	23.2436858383462
2099	17.7104173246072
2101	11.5040224972146
2131	21.3586633062726
2132	11.8375414903193
2134	12.4721912892465
2146	12.9345896472144
2152	22.0691828637075
2153	20.9302417017303
2156	21.9050256475531
2162	15.1239277897812
2171	16.7661574002595
2173	20.144558954834
2176	20.5411571385065
2188	17.0756611118348
2223	18.4310271033637
2228	11.9919765580694
2238	18.8486728955158
2255	20.7502589961582
2263	21.7916532194183
2266	16.2299470696155
2267	11.9919765580694
2269	18.3077412574697
2273	19.1836212281554
2303	19.8900018271049
2313	14.6726488475606
2323	21.1354945414503
2327	21.6646250875478
2330	23.8923037767265
2362	25.9593018072226
2365	16.4937956123309
2367	16.4766235143775
2368	22.4570046067906
2371	23.6212146901782
2383	20.9099440647898
2386	24.6274434233092
2390	18.0860567675335
2397	18.5992108440067
2401	16.181909989207
2405	13.3651425236692
2409	21.4907936311993
2418	15.5028933673713
2427	26.5256355593208
2432	20.8896267054351
2440	21.5991926666245
2451	17.1954338151321
2456	18.5611210828655
2458	20.3646864188235
2471	15.1613170379137
2478	19.7471633409499
2487	11.4051676247737
2493	20.4686769830899
2509	21.8823981524659
2522	14.4490710647961
2528	18.2961406176372
2538	12.6468724542204
2571	21.1622652862422
2588	19.425579768122
2594	15.7789040994269
2596	22.5105149606433
2602	17.517557666811
2615	15.7744182701679
2645	16.5109498505735
2666	21.8241054387667
2671	13.6273319293651
2675	19.5490563735322
2685	19.8151400078701
2687	11.5959335918653
2694	13.1354746225556
2699	14.8500406875469
2716	18.354070495421
2718	16.7238932609382
2725	11.7113188575962
2726	16.6305340814963
2737	24.7678535118951
2744	16.1117822053168
2752	15.2218786928966
2755	19.1319033028998
2756	19.4583410052859
2763	12.460837448669
2780	14.1371304437392
2782	17.4081351832726
2791	20.7092910213561
2792	27.4332491040491
2801	14.1271147638113
2802	18.6030155307283
2816	12.0273338138383
2817	11.5653777190129
2820	14.7592138985943
2824	15.2914594853399
2828	12.0567189878925
2849	16.1862828875409
2850	20.2147003890442
2853	20.9741525290053
2860	16.8671592620431
2863	16.6007187832002
2864	17.5458150659057
2874	18.9049097372265
2879	13.1300857096631
2900	12.8412375360746
2902	21.0952747247163
2905	16.3385970113737
2909	18.0429620188793
2926	11.4485216629092
2933	18.3270593395114
2956	21.7949006157883
2957	15.3238223987589
2970	14.821418674391
2971	17.2036632646652
2978	20.326423245453
2984	19.5526762340157
2991	19.0057167248078
2992	13.3280244207863
2993	20.1129155055767
3006	22.4633065585371
3018	16.0015922774583
3026	16.3861747605655
3033	20.2006915859833
3036	15.8728136677041
3041	20.5032232979377
3050	17.34296645594
3051	13.0598274921981
3060	13.9912013601027
3068	18.6068194394749
3073	22.011384817206
3077	15.0394621276786
3081	19.6969251554735
3093	21.9759889558446
3096	24.6159460167893
3106	15.1379595798318
3111	19.0800451927578
3112	14.4147443584204
3118	18.3000083146718
3122	13.1785065957193
3129	20.5824597749939
3137	16.2560892831804
3145	18.4885343479535
3146	15.48919217745
3153	18.7922677628758
3173	17.4892546122794
3182	18.4923618056796
3195	19.8579527477512
3197	17.7662737017523
3207	19.5707654933514
3210	13.2267502223236
3216	18.2224984012351
3232	15.4067291664825
3239	17.3796539333262
3260	15.8192193211052
3263	26.5443052563599
3265	19.370854577874
3266	25.3775455076794
3283	19.3159743431857
3286	16.5452049700742
3287	19.0466332774945
3297	22.2321280115864
3299	20.1199516840342
3307	20.1129155055767
3312	15.3607250949401
3316	16.6007187832002
3325	21.5006706720721
3329	13.9303697617297
3330	25.1112175811457
3332	19.0019926693738
3348	16.4980858440622
3350	21.1756379670626
3354	17.6383420737639
3375	22.39072702613
3396	14.6194956554629
3403	25.63558655361
3411	21.2989372394511
3414	18.6751573046616
3420	14.8738502918816
3424	12.4380986752535
3429	13.4601190700018
3432	13.6480894919363
3450	15.7024707194433
3454	10.7930411907761
3458	22.5921091761615
3461	18.3925890487964
3463	21.158920795461
3466	19.3854630675656
3480	20.7911462456515
3487	21.2856420214019
3489	22.5073708143942
3492	16.6900048912407
3507	19.5707654933514
3527	21.7103104449898
3529	19.367200733726
3532	17.5579114582877
3542	13.7050106809015
3557	13.9912013601027
3562	21.8759288550141
3566	24.6705109760383
3567	13.1570082019664
3569	16.5152356260774
3573	22.7295244332672
3576	23.5702260395516
3577	16.455133191531
3578	23.6930118608914
3602	21.101983350971
3604	14.7448216826909
3607	19.1096956305247
3610	14.6098106622466
3613	12.6915611887165
3617	18.4118181068958
3619	19.2756295316881
3624	10.6610919615088
3629	15.9262276616303
3639	22.7170664852591
3656	16.3732127218114
3663	23.2345497675687
3664	15.0488706128827
3667	21.8532712323058
3680	16.9257986814494
3700	17.9091044624473
3707	17.7742388551235
3719	12.5964081198967
3721	17.4446856064938
3725	10.5677472707252
3730	18.8336480442676
3732	18.4655529414974
3743	18.4195041093624
3758	16.6220208820229
3759	11.3242126407119
3768	15.3837443272381
3776	12.5344535796052
3792	16.6942446994867
3803	14.7975247064526
3804	19.7435791384807
3805	15.4846224201069
3807	11.5776097454027
3814	17.6944259738749
3818	14.8309654829006
3829	20.4306085678903
3830	16.6177626468097
3832	11.8076108697535
3835	11.8614316084459
3841	23.3560702081859
3844	13.5387572409419
3845	21.8467933097588
3847	16.8797420010269
3853	16.0942025140967
3857	23.6780720700996
3865	11.801615636633
3870	15.1613170379137
3872	12.3753516181004
3876	21.2756651555989
3878	19.4583410052859
3885	16.1862828875409
3886	14.5515653380064
3888	12.266214336717
3904	14.0063679784962
3931	15.1051984602556
3932	16.9174340658254
3941	17.2242196864619
3951	11.8733586417342
3955	19.946850822861
3957	14.5174809822281
3961	16.4206901748194
3972	19.1688589164438
3980	16.5066629623147
3983	12.3867838160285
3984	20.09883575901
3996	13.0760744329512
4014	18.0938811489367
4023	12.3467248121966
4030	18.0547253334086
4031	13.9100334446652
4032	20.3229412029014
4033	11.0072999003823
4037	15.1426339537521
4041	13.0868945212179
4043	17.5579114582877
4047	19.9539455592841
4080	18.2612944817731
4082	12.769390151482
4085	14.711185089497
4091	19.3379451267921
4092	20.454842120419
4109	15.0112012906918
4111	11.5347409030255
4124	22.6609209652884
4136	18.5992108440067
4156	18.6486112254222
4164	19.2572630391595
4167	18.0625632870374
4191	16.2386658169914
4194	14.306324229206
4214	19.6645614044658
4216	21.1722955887027
4226	23.5792320486835
4227	17.7941361398212
4229	18.9348344251092
4230	23.094010767585
4237	12.7915400209503
4238	19.301313259978
4249	23.1735505818074
4259	25.2208924952909
4263	14.306324229206
4274	21.7851569744627
4302	15.9395531926144
4304	21.9340838415986
4310	11.6628747249841
4323	16.7661574002595
4341	22.3559317805129
4344	14.5807170840972
4346	16.8797420010269
4347	14.9118665846675
4358	17.4325106470441
4373	12.2025834629622
4377	20.7911462456515
4389	21.0381650299478
4392	14.4833164141519
4398	18.7771977782845
4401	19.5381927681512
4406	20.9133283723405
4407	16.6092429012373
4411	21.2157054351847
4423	10.6478071065522
4433	15.3053376846738
4441	11.3927504543803
4450	22.1300281470472
4451	19.146694107817
4464	12.0625874326245
4465	23.0172709702037
4476	21.3785349154456
4482	24.8363361868764
4497	22.2162058380826
4508	21.1555757759483
4512	16.5366478425455
4523	21.6744229135198
4535	20.77411967147
4551	15.1286064991862
4553	18.2651695575688
4562	14.9118665846675
4565	12.9728335015424
4568	13.4548601836632
4595	17.0424722347613
4596	13.1031079007841
4597	18.0586447354592
4603	15.8728136677041
4616	20.9943880884914
4629	15.9395531926144
4634	19.646558506428
4638	19.2204774028211
4642	13.8283891095266
4658	18.2341458926137
4667	18.2457859486301
4671	12.5795416877124
4682	20.2217011512936
4694	24.6101952992674
4695	17.6864248764847
4698	21.6972673014605
4699	21.5138330061315
4703	17.3102900887953
4705	22.2543999164318
4714	11.33670488129
4720	18.1563548130973
4733	16.9048793820436
4735	13.0109649440637
4739	19.639352726429
4747	17.0839482567594
4757	25.4749644666859
4760	12.7472017938823
4767	23.7139117557027
4772	22.9556944260404
4773	18.8411619675844
4792	19.7041098812844
4793	21.8467933097588
4798	15.8772716971889
4800	13.0109649440637
4834	17.6543842253962
4840	20.9437625311132
4846	11.0458095220391
4860	16.9592158880819
4862	22.4191556957212
4874	16.1381158358644
4876	19.5345702238041
4877	18.2186142493416
4883	20.3646864188235
4884	19.1133987011206
4890	25.0858398914074
4899	12.7305351467976
4919	18.6258273302619
4924	20.8421425112343
4926	17.6503750544066
4932	16.6305340814963
4936	20.2426889111215
4949	21.8305900936234
4956	11.9683470246512
4986	12.3696315569591
4988	16.2430234356977
4990	12.1967823770803
4998	12.9181647648464
4999	19.7220602447422
5016	17.9367450325795
5023	21.0247049101886
5052	20.4132812739854
5056	13.2267502223236
5065	14.5077278867489
5076	19.1133987011206
5085	13.0055244399814
5104	20.1480718258965
5106	18.7885013999233
5112	18.6410196878695
5113	23.3378824804115
5116	17.4690100695381
5119	19.2278401601886
5122	24.5093393236846
5125	17.0175380996312
5126	11.5714953484907
5129	12.674821377709
5130	13.7616964342099
5138	19.3562350629024
5155	11.5837209148678
5156	19.3964122144807
5157	17.9564622475385
5163	17.6944259738749
5165	20.5962089146535
5171	19.9858407061898
5172	18.8636857795331
5175	20.9200953449726
5185	18.6561996738443
5187	17.5619417375691
5193	15.8236924498023
5196	17.0300097305464
5198	17.770256724715
5199	14.3211571250815
5209	12.6636492103748
5219	21.145537542512
5222	24.2684911005452
5231	18.9870891434187
5257	11.6264091597733
5258	15.8728136677041
5275	19.6609621436313
5289	13.6480894919363
5291	13.4548601836632
5308	15.612070021651
5313	16.9925673773031
5325	13.8845711618399
5342	16.5195202896923
5343	21.5991926666245
5353	23.7765012124996
5363	12.7804698847174
5373	15.3745407701312
5374	24.4370444953141
5401	19.370854577874
5418	13.5805114102074
5428	23.3166455338795
5438	25.215279745139
5442	14.1070620712849
5451	19.9148932309252
5456	18.5992108440067
5459	24.2159428806025
5489	26.024649429326
5506	16.2430234356977
5510	13.3280244207863
5514	20.4513819424156
5515	21.5434188550942
5517	16.6942446994867
5531	19.4692491670351
5537	14.6001192444888
5545	20.2985501802388
5551	20.75707913077
5575	13.1570082019664
5577	11.8435185376532
5579	15.1846385669084
5581	22.5576245656292
5583	22.4853494804891
5584	18.6220273042445
5591	20.7945498875251
5614	23.1918671837306
5617	19.5671489793238
5618	21.3619765248307
5644	12.8412375360746
5646	11.7052743055251
5657	18.4425428977414
5668	14.1371304437392
5675	19.6249332290911
5685	12.6524671779863
5694	17.5135171736961
5702	17.7104173246072
5712	16.8629629292845
5719	22.7295244332672
5721	13.2374471510613
5731	18.919877997479
5734	18.6865226514717
5753	16.8671592620431
5768	22.0242419356021
5773	21.9340838415986
5774	18.195291925828
5775	21.4347377640796
5783	17.7144129066828
5797	12.9782877096881
5804	25.7952084953068
5825	21.1923419516488
5833	17.1830822508792
5834	20.1410454710793
5861	13.4074373842135
5867	13.3439448219476
5872	14.1621386544126
5880	24.9273537569075
5888	21.004498557697
5903	24.2597409682613
5923	25.9156451830017
5929	18.3925890487964
5951	13.2748185220761
5955	20.0565372152631
5957	15.6979630486975
5975	15.8326349158734
5983	20.2985501802388
5985	22.0531430455673
6000	19.3342850633304
6007	23.4618842839675
6011	19.9006733838919
6012	17.2406471767828
6022	19.946850822861
6032	25.1900068931174
6044	20.0247546730769
6053	20.9403831422197
6055	14.9687099924926
6056	23.5822332874213
6060	21.2290444528089
6063	19.1133987011206
6073	11.4855520183539
6075	22.2893536609791
6084	23.7765012124996
6085	14.2567697878638
6087	20.6853555659627
6090	15.6708897953518
6100	20.6339718096098
6124	19.5418146409728
6139	16.4680307505522
6142	13.9405267953517
6144	23.8923037767265
6146	19.4692491670351
6153	21.7689078807016
6179	21.8046399030618
6183	19.7865467173501
6189	24.5900571969885
6196	11.741494941778
6222	18.9460439975316
6224	19.5345702238041
6249	19.1022873357588
6250	25.3859103528797
6255	15.0535726503706
6259	20.4997712862459
6268	17.4325106470441
6291	21.4842064146059
6292	18.6713673183609
6309	18.0664809886965
6316	14.8643310267198
6334	20.4167479091932
6335	22.7513094277979
6339	18.7281365807623
6344	23.8211072823773
6350	11.1668805632776
6351	12.5288061571155
6362	20.4375353721469
6363	19.639352726429
6372	15.9927442854755
6392	18.1368549097017
6400	24.0781929806123
6418	13.2320997676272
6428	14.8738502918816
6433	13.39159246548
6458	11.0586162620182
6463	20.9808998840227
6465	18.7696582486578
6481	22.8475361471903
6488	17.34296645594
6501	26.0028851358018
6507	22.2575797978393
6509	14.1721295823956
6513	15.9395531926144
6530	12.6132519983193
6533	22.5073708143942
6534	13.4179902684795
6535	13.1677617862723
6538	17.2570590293108
6563	16.472327692765
6570	22.5858431632338
6572	19.0763356476284
6581	13.359846251409
6597	14.3310371932627
6611	16.3125870235183
6615	20.8353502208433
6638	18.6865226514717
6646	16.9508677626004
6658	20.9606513029336
6659	14.4245603243918
6660	15.8683543857878
6669	19.4728838630748
6676	15.1332837620895
6682	19.6717579505089
6684	14.5126052538011
6695	18.9497790481342
6712	16.3818552205509
6724	16.2734940946786
6754	16.1381158358644
6759	17.3796539333262
6764	14.2815685016618
6773	18.2535418622423
6800	21.3487205654252
6802	17.8616211147372
6811	22.6077666104176
6812	23.7973277832809
6817	24.859121821198
6823	21.3917723996338
6831	25.1450146591341
6834	19.0057167248078
6842	18.1095197699623
6845	17.0133788577019
6858	18.2496643174588
6861	20.2741298137
6875	21.7363732520274
6881	20.7911462456515
6882	18.2224984012351
6901	15.9617376893524
6902	22.011384817206
6914	20.3020364061435
6915	20.8387466427781
6917	12.1152755197737
6921	19.8294211917116
6922	18.9572469416451
6923	23.0817495451823
6926	20.8591135607942
6929	16.1906546048083
6938	13.0760744329512
6942	14.6919296033785
6945	17.1129216604455
6963	16.2734940946786
6967	10.0106100825601
6976	20.7707126817511
6987	22.2448575448434
6989	15.9484306943846
6991	19.5381927681512
6993	12.6804037701302
7005	12.2719826014782
7014	16.7111931756278
7035	19.8686415182826
7038	18.1251448977784
7086	13.6065426999765
7088	21.7949006157883
7101	17.6102331442317
7116	22.1204321236949
7125	23.7794775536533
7139	13.3386401328801
7144	23.995753339788
7155	19.4182919870484
7166	11.8136030603802
7168	15.8549690148813
7171	17.9800943642543
7179	19.925551456591
7185	18.0899693812661
7193	20.8489325887922
7197	18.3154709353558
7214	13.2961264306889
7230	22.1428163758793
7240	20.6408303678214
7243	14.5077278867489
7249	18.0586447354592
7284	21.7331171104089
7302	15.2404646322895
7305	20.3368657959725
7317	18.1290490755077
7319	16.2299470696155
7327	11.614228528708
7340	23.188815421472
7352	17.1995490320906
7355	11.7475208569511
7368	24.294722588405
7390	14.8595691073194
7402	19.6645614044658
7420	23.3469781153708
7422	22.5983734516669
7427	21.6809523376515
7428	18.5344116749327
7429	22.4191556957212
7441	11.8315614235117
7463	20.3090070626257
7479	21.0247049101886
7482	18.4079739022173
7485	23.5070873654056
7490	21.3387731917864
7503	12.0096681977227
7507	19.6573622237726
7509	20.8658981157177
7514	20.5342652889119
7543	17.3918658945004
7555	15.7114821811432
7556	20.5342652889119
7574	24.1339737865306
7577	18.2457859486301
7587	24.523772714797
7602	17.3102900887953
7608	20.123468850687
7625	16.05457782735
7631	19.2682850355055
7633	17.0963714422019
7644	17.5861040169216
7658	16.2255859390599
7666	20.9336227277926
7678	18.0508050803316
7690	16.8209420243755
7694	17.5296735582884
7695	15.6166024851002
7699	20.6716657196148
7702	19.581611027846
7703	16.1556477430831
7707	17.2529575297807
7711	25.2629483732512
7716	19.0948761667754
7718	18.2884027697049
7721	16.7408117207638
7743	19.8044223617198
7746	14.5807170840972
7757	22.5105149606433
7761	24.1925514789777
7777	15.5074577406094
7785	20.1831669088007
7789	14.2120230591506
7806	15.2868306190357
7815	20.811559747128
7817	13.4074373842135
7820	16.019273600286
7822	24.4630952460288
7827	15.3192033112693
7829	18.0429620188793
7849	15.9750335997706
7855	11.7173602915072
7879	18.6561996738443
7899	13.8386209933605
7907	18.5267733429887
7929	19.4728838630748
7945	13.3386401328801
7964	16.9842356448202
7966	14.2617329802815
7974	21.3321390323872
7994	13.146245821268
8002	16.6007187832002
8017	17.351125932494
8020	14.3950923460673
8021	19.2756295316881
8022	21.8662213200986
8037	10.8257772113276
8051	24.3558195263124
8065	14.2170018727765
8078	18.6789465219685
8083	18.0821433071896
8085	17.1087856068116
8093	20.6545406518757
8094	17.2611595542658
8104	19.4765178808097
8119	17.6984251661452
8124	19.271957633468
8134	19.0466332774945
8141	19.2352000992754
8145	19.929102931792
8148	24.5526140427866
8149	20.1796601470839
8155	16.5494818746229
8156	11.1605411471759
8166	18.1329524126345
8181	21.0549780790869
8187	11.5470053837925
8216	11.5101727368933
8223	22.4002072581656
8230	18.2108434602274
8234	18.238026736734
8235	20.3403454547876
8237	15.2729356027249
8241	19.3086451931047
8274	22.6921300710635
8275	20.7502589961582
8311	19.3489211631276
8316	22.7326378535179
8325	12.6132519983193
8329	21.6842163124291
8332	13.7925177414263
8338	21.3917723996338
8342	12.1094326086455
8350	14.2716541870329
8355	16.3169249007453
8369	12.1909785307478
8371	19.2756295316881
8372	15.9750335997706
8376	12.769390151482
8385	18.0508050803316
8390	24.3964658143783
8411	19.0763356476284
8413	12.2199701972086
8414	14.7640081861655
8420	18.4808770544596
8443	21.0314360468779
8445	13.146245821268
8446	17.5659710921564
8455	23.5371745239702
8470	19.2499115355363
8472	12.3007833512543
8474	15.0488706128827
8485	21.8241054387667
8497	18.4655529414974
8511	20.4652191442304
8519	17.4162641284662
8527	16.5323676178478
8530	20.3159753273916
8531	21.2056956656088
8542	13.1623860923205
8548	19.8971168342461
8550	18.3733398660776
8557	14.6001192444888
8559	14.1920903381785
8562	16.2430234356977
8573	16.251735167853
8578	16.0854054636914
8583	19.628539096504
8590	13.9405267953517
8596	26.0572617847644
8602	16.1556477430831
8622	18.238026736734
8646	18.1407565672513
8687	14.5320983522498
8688	19.8828842738882
8697	10.9233966548794
8700	20.1305013404529
8702	20.8828498596102
8708	18.8261311219788
8715	17.4284504372191
8716	16.9884020218349
8718	16.5323676178478
8721	17.038319079531
8736	11.614228528708
8752	17.8338641109971
8758	16.963388410199
8761	16.2299470696155
8764	18.0547253334086
8773	16.7281244800473
8775	16.3385970113737
8794	16.1556477430831
8796	15.4113220207107
8799	20.7536693436208
8800	16.2952239669496
8812	19.7256483572516
8822	15.9128909717867
8823	19.9113392212189
8824	15.207924332109
8839	21.6319336171546
8850	6.26157809393674
8851	11.656805052585
8874	11.644656216504
8899	11.1795486110984
8912	14.7688009174023
8913	18.3887408242436
8925	12.5739145160206
8926	17.8100379626013
8927	14.3655639204172
8942	14.9071198499986
8960	15.8817284752969
8971	21.5631202024717
8999	15.6301919894716
9004	15.7249896908865
9008	21.3851546817958
9012	12.0037738816878
9013	22.6421748534639
9018	16.20376267977
9025	20.9268601294162
9035	16.7154276095424
9051	18.1095197699623
9054	17.3062012048151
9073	21.6253893926463
9074	14.7015604989414
9076	11.6931758275578
9085	13.6688155319585
9088	14.2815685016618
9089	14.350776923271
9094	11.1922023204245
9100	11.6264091597733
9104	17.5538802536752
9117	18.4463798982818
9119	16.1862828875409
9141	16.2734940946786
9170	21.2056956656088
9179	12.068453023748
9196	19.3233007133878
9205	16.0854054636914
9227	20.4306085678903
9230	18.5649335756823
9233	12.4380986752535
9240	23.9130294918124
9242	25.7017572463145
9253	19.4182919870484
9254	21.6221165376306
9258	16.9383378598687
9259	21.8662213200986
9260	24.1486315308436
9261	18.893675759962
9263	22.2734723952215
9265	19.6213266990176
9290	18.2457859486301
9292	13.3492474030518
9305	19.0168845154443
9306	22.6296688183461
9307	19.3306243068717
9311	12.5118485953303
9314	15.8728136677041
9317	22.0435135524749
9318	16.6007187832002
9319	16.0633917603924
9332	19.6645614044658
9333	13.4548601836632
9345	18.6296265811592
9347	12.5005307742938
9348	25.4193422071632
9359	13.4179902684795
9360	13.199969975732
9370	20.4617607210296
9371	16.4465291997315
9380	21.7819081254439
9394	19.5562954244649
9400	22.6890110922747
9407	11.5101727368933
9408	12.5795416877124
9411	19.4510654989537
9416	17.2283280275308
9429	18.1991810552784
9433	15.7923539419878
9436	13.1354746225556
9437	15.3929423814694
9447	14.7783817169292
9464	17.2324353891406
9467	16.3082479924471
9472	19.9503985064502
9512	19.4146470706414
9514	22.9711040367078
9515	12.8136516018807
9517	17.9446345183503
9520	10.9879944779223
9522	10.8453713942587
9524	13.6117429840189
9548	17.8100379626013
9562	22.5230871565191
9570	22.5513489709701
9579	18.276789855356
9583	13.1031079007841
9597	14.0416930484169
9598	19.639352726429
9608	21.0011289421211
9610	20.1761527758664
9617	14.7640081861655
9629	23.1123904050089
9651	21.1053368644369
9659	20.3959392597481
9669	18.6486112254222
9674	18.1056113810596
9675	18.6144249249507
9696	13.1193012431949
9701	11.801615636633
9704	19.6537616445275
9718	17.746345177587
9719	19.3562350629024
9737	16.5964550824022
9739	14.276612204965
9749	11.6992266304609
9774	23.2558616829939
9776	20.8828498596102
9777	12.7970714979746
9780	19.2167949662699
9816	16.5409269596679
9822	14.0013142644661
9838	19.5128208347363
9842	10.3648925646558
9848	20.2391924625401
9849	20.5101255783211
9850	11.3054483980934
9854	19.0429172237517
9862	16.3948104263879
9867	16.4766235143775
9870	18.1914019649228
9880	9.56225180538171
9888	18.1056113810596
9896	15.2497491074926
9908	15.0441671057783
9917	16.6687896737024
9924	17.150101256461
9947	21.0583390780833
9963	18.6410196878695
9968	17.4527975276979
9979	17.6383420737639
9985	10.4125788157292
9987	20.6750890310102
9988	15.4388504535233
9989	16.6475474200441
9993	18.9759038174739
9995	24.7020461258283
10002	18.2224984012351
10003	21.814374842115
10008	22.2543999164318
10009	13.3545478787036
10014	17.1789630893072
10016	22.1938956049438
10018	21.0482544710345
10020	24.0193363954453
10021	19.4328648161066
10035	19.6537616445275
10039	14.6049657572345
10041	20.8591135607942
10056	16.5921902859596
10057	19.7614936500499
10075	20.0247546730769
10090	22.2225760764467
10097	24.5727828308264
10101	14.8690914210857
10102	21.3089032092265
10111	17.9800943642543
10123	18.1134273155402
10127	13.6117429840189
10157	22.1204321236949
10166	21.7428840723777
10168	12.3581834919827
10169	15.4205036253505
10170	11.3678754237093
10174	14.4441722441553
10178	16.2386658169914
10183	15.2683011205661
10189	14.821418674391
10197	10.554344922567
10199	14.3655639204172
10209	19.7614936500499
10211	11.8793176677765
10222	16.9216168904822
10227	22.0691828637075
10239	16.3342648895923
10247	13.9405267953517
10248	12.277748156225
10252	20.1515840845872
10256	20.2217011512936
10274	14.122104260102
10282	17.2816475846874
10285	19.0429172237517
10291	13.7153346075489
10292	23.1704964070881
10293	17.2488550549801
10308	17.8576584699597
10315	21.2956142131044
10325	13.2908026561288
10333	21.723345757149
10334	22.6421748534639
10346	11.8494925700823
10351	20.6887766121394
10357	17.0590747445288
10366	14.2865230789146
10383	20.3229412029014
10384	18.6940957106079
10388	16.2299470696155
10395	14.0618389598504
10398	16.8419655821674
10415	21.3155446004457
10424	13.7308059431023
10427	15.1846385669084
10432	17.9643430740086
10433	12.3122847874754
10434	17.1253238277894
10451	13.8232703275227
10455	17.7782200935775
10457	15.6708897953518
10460	18.919877997479
10461	17.1624765566328
10466	17.5135171736961
10474	13.8386209933605
10483	16.5152356260774
10487	19.8044223617198
10490	13.7616964342099
10498	19.7077012619542
10514	19.2903101351351
10518	16.2473798856716
10519	17.3143780071635
10521	16.8671592620431
10532	11.8733586417342
10533	15.7384856078529
10539	11.9268826935441
10544	14.3950923460673
10548	21.3586633062726
10550	16.6687896737024
10552	22.9032241987412
10563	15.6437696888521
10564	15.4754788572074
10566	13.5805114102074
10567	21.7070503938497
10573	19.9397535620695
10576	20.6613923822522
10578	16.0810051338419
10581	17.0715160307902
10583	16.7323546291805
10588	18.4502161008601
10590	17.2611595542658
10597	14.8881177774564
10599	20.1515840845872
10618	16.7577130998496
10623	14.1621386544126
10631	22.4601558036919
10637	21.2523675880183
10640	22.9248441306527
10671	14.1871027821158
10674	13.8692713542597
10680	15.0112012906918
10682	23.3712158360069
10688	16.6687896737024
10703	17.2406471767828
10718	17.7941361398212
10719	12.5626526109253
10720	15.5120207707922
10721	17.9525205369768
10723	18.4540515059739
10735	19.1762414928456
10750	11.5101727368933
10759	18.1875111720295
10770	20.1796601470839
10772	11.8673966234614
10795	16.8545671294465
10801	20.9910168499168
10811	16.4680307505522
10814	22.4822018148363
10821	23.4498154126525
10823	15.4800513137578
10825	17.8814211663932
10826	18.7394697960693
10833	15.7609531219435
10837	19.3598909766309
10838	13.4548601836632
10839	17.9209556412865
10843	18.8824350991198
10859	17.8338641109971
10862	14.9781629204904
10867	22.7077185389809
10874	13.6377146599603
10875	10.7206700892279
10878	15.8683543857878
10884	16.4852117993049
10895	16.0854054636914
10901	16.036935428804
10902	18.6637850369037
10920	22.4696067428031
10928	10.955743177135
10931	19.0280457515702
10933	14.2269542729263
10937	12.3696315569591
10940	13.8539546501345
10941	25.1928162397935
10947	20.9370032078676
10949	14.9639812891706
10953	17.3918658945004
10955	15.9039936319959
10962	18.4041288945718
10963	24.7364022566535
10964	16.6177626468097
10969	15.0206274776745
10973	17.4487420384999
10977	15.9395531926144
10978	10.9879944779223
10981	12.879758583716
10982	15.9794631114597
10999	12.3295168250019
11002	11.0201513932596
11006	15.3422848420798
11010	18.7092326326917
11014	20.7161246433937
11018	14.429465803304
11041	15.0958250814689
11046	19.8151400078701
11060	18.5954053788325
11063	17.9130557265798
11075	18.1641489129682
11079	17.6744164390633
11081	14.8357365833885
11086	18.5191318605671
11094	15.6799194070462
11096	22.001737047811
11103	21.6907427885175
11114	12.5682848248872
11116	15.7339882551084
11126	18.6068194394749
11131	20.7638970252323
11135	16.1117822053168
11136	20.1550957312261
11140	12.2373322285035
11152	19.9929216065736
11154	22.4633065585371
11162	17.3266359754297
11170	15.1753142561938
11190	22.6609209652884
11193	12.9291170048509
11195	19.3123101158279
11196	17.6944259738749
11197	17.4852075788774
11200	21.8597472351839
11201	21.0952747247163
11209	16.4293076984642
11214	20.5480466765633
11218	13.7101736159804
11223	21.0818510677892
11230	18.3077412574697
11253	23.7973277832809
11258	10.2757452897457
11260	19.8722031641871
11276	25.1393849681066
11279	15.5712184818856
11284	19.301313259978
11287	10.8192379312314
11292	15.3791432371615
11295	15.5666728042287
11301	10.6278486876808
11303	16.2908803112769
11305	16.0942025140967
11310	20.8591135607942
11313	19.4328648161066
11338	16.4163797166339
11353	20.3368657959725
11371	11.5040224972146
11387	15.7968346780524
11394	17.8100379626013
11408	13.2588151184014
11409	19.1356020759267
11411	17.2939287523523
11412	22.2480387901288
11415	24.5699025890265
11420	16.3688897612815
11433	16.1117822053168
11440	20.7502589961582
11477	16.1293427360935
11486	11.3803197355073
11499	15.3515077373174
11509	23.9100697752974
11510	19.8900018271049
11513	23.1338148594316
11534	16.7196609710411
11541	19.7471633409499
11545	14.8738502918816
11547	19.2903101351351
11551	18.8861827294234
11584	14.0416930484169
11586	21.2789912972835
11590	18.8261311219788
11603	23.8596984217248
11615	15.5257018148487
11636	18.1524565082079
11644	19.6249332290911
11648	21.0684188580357
11651	13.864167666376
11652	18.2612944817731
11654	15.7204884772002
11661	18.4310271033637
11664	15.2868306190357
11669	22.4286239114016
11670	17.4040692868763
11674	21.654822828504
11681	23.7854291186454
11689	21.6221165376306
11692	14.3754134683144
11702	16.0985992366248
11725	15.4159135065927
11726	16.5409269596679
11727	18.4578861141204
11728	21.6842163124291
11729	19.4000605568838
11745	15.8995430950032
11749	17.5820792762768
11755	17.3143780071635
11759	22.2289444892659
11763	16.2343070286114
11765	21.1287965553714
11772	18.4770472177064
11773	17.1087856068116
11775	13.5700849123861
11776	17.4852075788774
11777	19.146694107817
11781	16.041347847495
11787	13.8539546501345
11793	18.6296265811592
11800	17.0424722347613
11801	19.1282038146504
11804	15.4937605869808
11816	19.9787572961831
11826	11.1985238133434
11827	18.4693851617195
11838	13.5282985624857
11846	16.4508317581308
11847	19.1282038146504
11853	13.925288466736
11854	19.1983721886035
11864	9.23085996289812
11881	23.1521628978951
11900	18.1719396698836
11911	24.9159947434414
11913	21.8208623886799
11919	13.4074373842135
11923	16.3861747605655
11926	22.3305920933891
11932	12.9400599750746
11943	15.5393708139584
11944	16.2647940170214
11956	18.9796329918869
11970	17.2160000631418
11974	18.0311910301182
11975	21.1656092485427
11981	20.6682418412112
11994	18.2186142493416
11999	20.7775261025287
12004	19.5779965172425
12011	17.5659710921564
12014	20.1831669088007
12015	19.3562350629024
12023	19.5309470075578
12024	15.6663730378591
12029	15.4571755050224
12062	15.5803058584875
12068	20.9302417017303
12072	12.3867838160285
12079	12.8302102798234
12090	16.6772789992712
12092	12.5457407980829
12099	11.4175712908915
12106	19.6969251554735
12117	14.725610180483
12123	17.873503777842
12126	14.9118665846675
12134	11.8315614235117
12137	16.4937956123309
12140	12.7970714979746
12164	20.4306085678903
12182	11.286652959662
12192	10.8388439357112
12193	12.5795416877124
12203	11.8255783326494
12204	19.4874158679802
12210	25.759517167432
12227	18.3579259876378
12229	21.3155446004457
12234	15.997168893192
12240	13.5961361648404
12247	14.7352190625368
12249	14.306324229206
12251	13.3014480744604
12268	17.6784201578685
12284	12.2141773691053
12293	17.4527975276979
12298	10.5342094290179
12299	15.1286064991862
12311	19.4728838630748
12324	17.6423539792119
12327	21.0280707478649
12330	21.0583390780833
12335	12.4437872640143
12336	17.6664062793774
12338	16.6092429012373
12341	11.997876669894
12346	20.5239231752925
12360	11.4917121432367
12366	16.2343070286114
12375	11.8076108697535
12381	20.8285557154545
12382	11.8793176677765
12387	12.1152755197737
12394	14.3409104546428
12395	15.1286064991862
12411	16.9174340658254
12419	22.8692087251414
12422	19.1651665618075
12426	15.5757628329183
12430	12.0508476853832
12438	14.5710063157312
12440	19.6681600066379
12447	16.1556477430831
12449	16.8629629292845
12454	14.6919296033785
12469	23.3014644361481
12476	13.0598274921981
12483	15.9351125870978
12485	12.0743157654218
12486	11.6931758275578
12487	13.4548601836632
12490	16.3039078066105
12493	21.3785349154456
12498	20.3090070626257
12501	10.8779499338302
12503	10.5610482226537
12510	18.5153099367083
12512	13.386306658104
12516	15.3007130168889
12519	13.8590620990269
12524	15.9528675927023
12534	20.8353502208433
12535	18.4502161008601
12537	16.0589853985593
12547	25.9402110747302
12551	17.211888779486
12563	20.4997712862459
12565	17.8417990898596
12569	8.80712572595195
12573	19.436506316151
12575	13.7925177414263
12579	15.0064859768357
12584	20.6613923822522
12585	23.1001389382561
12598	12.2604433581164
12599	14.0568051888068
12604	14.9403153226141
12605	16.2560892831804
12608	11.2237741809441
12610	14.6726488475606
12612	16.8881252853783
12618	15.0535726503706
12627	18.3193345512485
12637	13.7822516307806
12643	17.0963714422019
12651	14.6581716374763
12657	18.7016657031071
12660	16.7069576684819
12670	14.4000078634877
12672	20.4375353721469
12677	12.7970714979746
12680	22.9001339708113
12689	11.7956173563793
12698	12.8687643362291
12711	15.5257018148487
12722	16.2560892831804
12739	15.6166024851002
12742	18.2845326177687
12744	15.9039936319959
12754	18.2419067552305
12756	13.1623860923205
12763	14.0920038260348
12765	12.763846678179
12767	21.8823981524659
12768	16.0015922774583
12771	18.0154844147418
12774	11.6020351095681
12789	17.1005104984161
12812	11.5286037698946
12824	14.5612890713588
12838	10.8061474994187
12845	18.0508050803316
12849	16.0281069473043
12854	16.0236908824878
12859	22.4254682836812
12860	25.5581708868215
12864	23.0756164908572
12873	23.8982272437263
12878	16.9006924149498
12879	24.2830676476583
12885	16.2299470696155
12891	12.7249747468177
12901	12.2950285984943
12907	17.6904258775259
12910	13.0164031741628
12923	17.2898359990699
12927	13.3120849798583
12929	15.3515077373174
12939	19.9219993482721
12943	17.6182688430958
12944	22.4853494804891
12954	15.2032700322809
12955	16.1600277479739
12958	13.1946074039179
12965	11.9801676171864
12967	16.3255971973452
12968	11.1795486110984
12985	14.4245603243918
12989	15.5984647292876
12991	20.1199516840342
12997	26.5869296198348
13000	14.2269542729263
13003	11.4423382859186
13012	22.4286239114016
13017	12.7970714979746
13021	24.607319436529
13024	19.2682850355055
13025	15.6934540832021
13026	12.6244687653188
13029	19.2462347307018
13030	23.6421780544096
13036	22.9032241987412
13037	10.8714420361888
13042	20.6408303678214
13046	19.2241591339923
13057	22.7077185389809
13071	13.2320997676272
13079	20.8557204556785
13080	11.6264091597733
13083	13.1731352865108
13085	17.9958318678047
13086	19.9574919816989
13100	15.9439925613657
13103	18.2961406176372
13112	17.594150736179
13115	10.7930411907761
13117	20.4825025010345
13122	10.6544516046133
13125	23.7735244987212
13137	13.1246945841188
13138	18.2030693538069
13141	13.7101736159804
13149	18.1758337960763
13153	13.5805114102074
13157	11.1985238133434
13160	12.8357250921477
13162	15.1846385669084
13171	12.2315476230144
13176	17.6463649725521
13177	20.2915759315601
13178	11.1033235271016
13199	20.1269854027192
13205	13.04898496024
13216	15.6979630486975
13217	15.8728136677041
13218	12.6356755751291
13224	16.7661574002595
13227	16.6007187832002
13230	23.5762304278899
13237	23.3014644361481
13239	15.9883184532929
13256	12.7249747468177
13267	11.8076108697535
13271	11.7354659324245
13276	10.8061474994187
13303	23.1154522570995
13322	11.0265715227836
13323	11.9505942133591
13325	17.0008950266035
13328	23.7407560138167
13331	14.725610180483
13333	13.864167666376
13337	21.3785349154456
13341	18.2922721028212
13342	14.2269542729263
13343	25.994718827785
13348	15.2914594853399
13349	14.0568051888068
13351	18.0508050803316
13371	16.6900048912407
13378	16.1512665503942
13385	12.8412375360746
13401	11.0265715227836
13403	17.6824229701371
13404	21.0314360468779
13414	16.9174340658254
13418	17.6102331442317
13427	17.6704118131052
13430	22.9495276846461
13433	13.8590620990269
13448	11.650732218074
13449	15.612070021651
13450	13.8845711618399
13452	16.6177626468097
13454	11.8912267611609
13466	16.2255859390599
13469	11.3054483980934
13478	11.4175712908915
13482	12.8302102798234
13492	11.3616481565076
13497	15.0441671057783
13501	18.1329524126345
13505	19.9006733838919
13509	15.1799771274841
13515	14.3260980109022
13519	13.2641517316657
13540	17.5579114582877
13548	23.8596984217248
13554	21.0011289421211
13558	16.6602960223618
13562	20.7536693436208
13575	17.1542273484866
13587	11.909068071661
13601	11.3179613497908
13612	11.8315614235117
13613	16.1731606455075
13615	13.9760182830745
13619	11.5959335918653
13622	23.5070873654056
13633	15.3699369249104
13637	12.021448159552
13648	16.8587655520124
13651	21.3983880708604
13653	21.7428840723777
13654	12.0390964903061
13658	17.8893350508995
13668	24.5583782438386
13671	16.7196609710411
13677	16.6432957158706
13681	10.0317965826246
13685	23.6032312732659
13695	18.1797270881411
13696	18.7092326326917
13703	11.741494941778
13709	23.1093281472405
13710	21.0818510677892
13712	16.3039078066105
13733	17.4446856064938
13741	13.322713392713
13746	17.2816475846874
13762	11.7655800849175
13771	14.8643310267198
13787	16.3385970113737
13792	14.7208033874121
13793	18.1719396698836
13805	23.2497745577272
13811	21.034800807486
13813	16.6220208820229
13820	12.5682848248872
13822	18.3848917942016
13846	20.5583766545982
13862	20.7434366191873
13876	19.3306243068717
13883	22.4286239114016
13884	22.1300281470472
13890	19.946850822861
13893	12.2141773691053
13900	18.545863274218
13901	17.7263942492137
13902	15.282200350682
13905	13.1516281125155
13906	19.0503486063658
13912	11.801615636633
13916	18.4693851617195
13918	23.9810021529635
13922	12.0743157654218
13931	14.1671349991277
13933	12.2199701972086
13943	23.4558506245431
13946	11.6324946923333
13955	12.1444479085522
13966	15.7609531219435
13973	12.277748156225
13980	11.3054483980934
13981	14.2170018727765
13984	17.517557666811
13988	20.3159753273916
13990	17.8060638382714
14005	19.2204774028211
14008	16.489504264369
14018	11.286652959662
14027	15.3330563992346
14039	25.3803340957333
14045	12.1035868768983
14047	24.1662090885738
14048	19.9716713738831
14051	12.3237754897313
14055	21.3288211788743
14061	18.4310271033637
14062	19.99646111649
14065	20.5239231752925
14067	22.2988769913265
14073	24.242231228724
14083	10.5677472707252
14086	16.6347890474305
14099	23.8151646335927
14101	16.837762970603
14108	19.1022873357588
14113	20.2811100617339
14120	13.8947616741562
14121	14.787956309263
14122	15.8102692670247
14123	12.7583007962409
14128	17.277551922209
14131	22.0274550426198
14139	17.0632228478714
14143	15.4937605869808
14160	11.0905684125785
14162	14.7159950242632
14165	14.4049217035432
14181	25.9211062820367
14183	14.5174809822281
14193	18.5954053788325
14196	14.9828871479917
14197	12.2141773691053
14200	14.3557076146802
14206	21.3950804909549
14216	14.6436801147665
14217	11.6992266304609
14220	13.1838757165759
14226	18.6410196878695
14229	24.784991920251
14235	17.9918987824408
14241	20.9302417017303
14242	15.4480156965113
14247	15.8683543857878
14261	14.7688009174023
14272	24.1515620122003
14277	25.1590833754248
14279	14.91661180884
14280	18.8561808316413
14284	13.3492474030518
14288	14.6726488475606
14291	15.3238223987589
14299	16.9425155237279
14301	16.8755487971363
14310	20.8557204556785
14311	17.9761578356106
14314	25.3133231957045
14317	10.8779499338302
14322	15.7564621820826
14338	11.4299614966978
14347	19.5019370442634
14349	23.0387838792046
14350	13.6065426999765
14354	14.787956309263
14358	18.8336480442676
14361	11.9742587795312
14363	19.2499115355363
14368	12.3524554807865
14369	22.9094034040874
14372	19.585224871381
14375	19.4510654989537
14377	15.3745407701312
14386	14.5369675426536
14392	18.195291925828
14395	20.5618188273565
14400	15.3837443272381
14409	13.2213985125264
14418	12.7860061509007
14427	19.1688589164438
14433	16.4120681263516
14442	11.0841853510929
14455	11.286652959662
14458	13.960818693713
14463	20.8285557154545
14469	15.8147449272041
14471	12.6636492103748
14483	13.2267502223236
14485	15.8326349158734
14489	11.1795486110984
14510	14.6098106622466
14518	12.2546696618423
14521	21.4281333153744
14522	12.4494732534653
14532	15.2451075766873
14533	12.398205472504
14536	11.4855520183539
14551	14.2567697878638
14552	15.6663730378591
14554	17.2529575297807
14555	14.7304154050131
14562	18.0938811489367
14563	24.7907020901045
14564	12.5400984587833
14567	13.5752991623048
14574	13.8896673525645
14581	12.4892026969563
14583	15.9750335997706
14593	16.0325217957415
14594	20.2566686703231
14597	15.7699311648943
14602	11.5837209148678
14607	14.6629989623684
14614	12.6915611887165
14620	9.99646080328678
14624	15.1005124981574
14626	20.75707913077
14627	21.1622652862422
14629	15.4434337549315
14630	17.0756611118348
14637	23.5371745239702
14641	26.5789427585061
14642	14.0215181916635
14643	15.2868306190357
14645	21.9211738441049
14646	15.3330563992346
14650	17.8616211147372
14654	20.4098140499648
14655	13.5961361648404
14668	11.915009238442
14674	20.5824597749939
14676	12.674821377709
14681	14.1321234910609
14691	18.3154709353558
14697	15.3883440415963
14700	11.9624323482214
14701	13.5805114102074
14703	10.5207643572606
14705	21.4413401784559
14713	16.1381158358644
14715	12.669236525542
14722	22.8815838389936
14724	20.3994088420237
14726	11.9860735419312
14727	16.8755487971363
14731	11.4547017020437
14732	12.3924959601255
14733	17.4243892812891
14737	12.4551566471662
14742	17.8179835520943
14743	22.9310175100915
14757	20.0847461423053
14759	13.1085079042693
14770	16.1556477430831
14774	24.294722588405
14776	16.7534893535696
14777	13.0706610299318
14790	11.7896160243417
14797	21.3752242634838
14799	16.0281069473043
14804	11.3117066041626
14806	17.2242196864619
14811	11.2552574803217
14816	11.7715936708378
14826	20.8013555004998
14840	11.8315614235117
14851	19.6933318096157
14852	14.821418674391
14861	15.025338353587
14863	25.9674792532617
14878	13.8181496493224
14884	12.1035868768983
14889	10.0458960928612
14900	13.2213985125264
14903	23.8982272437263
14910	14.3901751495631
14911	10.7074591537237
14914	22.6577976903834
14928	12.763846678179
14931	20.3994088420237
14948	24.4920080267686
14951	10.9104311943399
14957	14.7735920938195
14959	18.9759038174739
14962	12.277748156225
14965	12.8136516018807
14966	13.097705670952
14970	15.6979630486975
14978	12.2546696618423
14983	14.9213555239572
14985	11.7896160243417
14986	10.7667807110102
14987	16.4852117993049
14988	15.0206274776745
14998	20.2566686703231
15007	12.2488932440517
15008	18.2651695575688
15010	16.5323676178478
15021	11.9031239394856
15022	13.9506764339699
15032	23.0756164908572
15034	13.0923012120171
15050	13.0164031741628
15055	16.8503676608054
15065	23.871560067211
15068	10.9492815173708
15082	13.0868945212179
15084	18.039039209393
15097	20.736611997644
15105	20.9808998840227
15108	16.269144637406
15113	19.639352726429
15119	14.8405061500069
15123	15.553027799879
15125	13.5230661899974
15129	21.8370728228216
15131	19.7614936500499
15134	18.5496789029538
15137	12.0918869351818
15159	18.4271869059882
15160	16.1117822053168
15170	15.890638281594
15171	14.6678246985407
15188	12.9946365984412
15189	14.9639812891706
15192	12.0567189878925
15193	12.2719826014782
15205	16.9675599062439
15207	12.4835348034505
15211	12.3639088494787
15213	21.034800807486
15216	14.725610180483
15217	16.2430234356977
15218	12.4551566471662
15226	15.9927442854755
15229	12.4778643353844
15234	15.6799194070462
15237	15.8728136677041
15241	15.0112012906918
15244	13.0381334116186
15248	13.1677617862723
15249	15.7699311648943
15256	11.355417474297
15259	23.9307801038015
15260	21.2223759920027
15263	20.0917921857223
15269	15.6030011448929
15270	18.1212398789035
15273	17.762289785635
15286	15.0629723220017
15287	17.960403093026
15288	18.0311910301182
15291	26.4748943021226
15292	19.6969251554735
15313	26.8965673676808
15320	16.5366478425455
15325	18.7356928193512
15351	23.5792320486835
15352	18.6296265811592
15367	25.3663880899022
15371	17.067369943047
15383	25.6686932224462
15389	18.1758337960763
15403	21.654822828504
15408	11.8673966234614
15419	14.6774714109932
15433	18.6410196878695
15434	21.5236994744356
15442	15.997168893192
15447	17.4162641284662
15450	19.8044223617198
15462	22.4317790951988
15472	21.0146041625914
15486	19.7005178459102
15494	16.4293076984642
15495	20.3055220335031
15512	14.429465803304
15518	20.6202478494553
15528	22.0370915527604
15530	20.5962089146535
15532	11.8554635921645
15538	22.6202847545719
15553	25.6438672278137
15559	14.8738502918816
15560	19.8543885454883
15563	20.0741724399972
15564	15.908442923909
15566	16.8461671453068
15570	23.2771540858297
15575	14.429465803304
15578	21.6940052902714
15604	20.4479211788842
15620	20.6819339539029
15622	16.5494818746229
15624	24.4080666071473
15629	18.4961884713814
15634	25.1421999711912
15642	20.1164339024383
15647	18.6827349707494
15649	21.7005288223059
15654	17.1294558881289
15667	16.3948104263879
15670	23.1704964070881
15671	18.7507961614407
15672	14.0819560501933
15674	14.5758625086058
15680	20.6990363581765
15689	21.5762444399634
15691	20.1164339024383
15717	19.0948761667754
15728	13.9760182830745
15738	20.3646864188235
15746	24.3558195263124
15747	14.3112702360018
15748	21.3387731917864
15749	20.8251576314584
15756	23.7735244987212
15774	17.6583924861416
15777	20.8047574721475
15785	25.8171478643549
15792	16.5023749604337
15793	19.4656137923106
15794	15.7024707194433
15837	11.8315614235117
15840	15.3284400943282
15858	17.4284504372191
15859	15.7249896908865
15874	17.1995490320906
15914	11.0458095220391
15915	19.083754016817
15916	15.4205036253505
15937	24.0045997007668
15938	20.6682418412112
15944	11.7233986120789
15947	25.1168535856115
15954	15.4342657910752
15957	22.5482105186592
15964	23.2953892269622
15969	21.667891521805
15977	18.5153099367083
15980	18.5725562134807
15986	15.8683543857878
15990	15.5211428067296
15991	22.8103352495474
16005	17.0839482567594
16007	18.9385716864551
16020	19.5164474160956
16023	12.0567189878925
16029	21.6580907411203
16038	15.5165824591046
16053	17.2488550549801
16055	13.4916293411448
16075	17.6102331442317
16077	16.4120681263516
16082	23.0725493523455
16093	23.2375955235977
16098	17.9958318678047
16099	13.0381334116186
16118	19.8828842738882
16127	14.8261928470625
16138	13.6532739515694
16149	18.6410196878695
16157	19.9184466064965
16165	14.2269542729263
16169	23.3500092063431
16171	12.2141773691053
16175	15.7833886537591
16177	24.242231228724
16180	15.7474764601188
16187	15.9395531926144
16196	11.5714953484907
16202	23.1582756802849
16212	16.9341591653781
16221	16.5152356260774
16223	16.9758998231428
16228	26.6268279909677
16231	13.7925177414263
16237	17.0008950266035
16239	21.7396289059439
16240	21.9502106608066
16242	13.0435603144183
16243	23.5401811248031
16245	24.6532929832632
16252	24.4109659439286
16259	16.472327692765
16262	24.4920080267686
16270	18.6978810899543
16277	23.9159888420486
16282	19.8329898808779
16293	16.9758998231428
16298	13.0109649440637
16303	22.6015049383378
16310	15.6392450988258
16311	14.6485122152494
16312	16.9006924149498
16314	19.5200733236821
16315	12.4665156615172
16316	24.3587250818881
16317	17.3959346431569
16331	21.7428840723777
16334	18.5954053788325
16347	16.0236908824878
16349	16.2255859390599
16357	17.7981129274761
16360	13.1085079042693
16375	24.8648149672296
16397	22.1587912833579
16399	17.3552042322171
16404	17.9249042930125
16414	16.7956790183425
16415	18.2651695575688
16427	22.8506334882399
16436	17.2611595542658
16450	22.4033664440297
16451	18.6258273302619
16467	15.5211428067296
16475	22.28300251292
16482	13.7359591825193
16486	16.4852117993049
16487	22.3622622158035
16494	18.9647118944611
16502	15.8192193211052
16507	10.6677281849722
16525	18.4923618056796
16526	19.6249332290911
16539	22.5576245656292
16546	23.0786832217487
16547	23.2375955235977
16548	19.8543885454883
16552	10.8844539403508
16568	14.6485122152494
16574	16.5964550824022
16575	11.7535436827028
16576	18.238026736734
16579	17.9209556412865
16594	14.7783817169292
16597	11.6385770429148
16601	17.960403093026
16604	18.6486112254222
16618	19.2829712305
16634	23.5762304278899
16637	12.277748156225
16641	17.9643430740086
16642	20.3333855416823
16646	15.3007130168889
16654	21.4215268304585
16659	16.9758998231428
16660	20.9943880884914
16671	24.3935647541606
16680	16.1600277479739
16686	18.4271869059882
16687	20.8285557154545
16690	17.1459741715122
16713	18.6940957106079
16714	23.6242105954081
16715	20.7468480881058
16717	14.7352190625368
16724	13.8079025958929
16745	18.4118181068958
16766	18.7960333711218
16769	20.5514905794914
16774	15.48919217745
16775	17.1624765566328
16779	14.5515653380064
16791	18.3386404208185
16804	18.0782289996846
16809	17.3102900887953
16816	20.0388864706531
16833	20.4617607210296
16834	18.3154709353558
16888	19.1725505599863
16894	18.6561996738443
16900	22.5387925396119
16901	23.0909460723599
16908	19.7901231379337
16910	17.5538802536752
16917	23.8893414924454
16929	20.9336227277926
16932	14.2418698327867
16940	18.6410196878695
16942	24.1954766408866
16962	13.864167666376
16970	23.1154522570995
16976	16.0281069473043
16981	19.879324541647
16987	15.3468969825244
16996	16.5793893143079
17007	19.2094279754044
17019	23.2284570574161
17026	18.5954053788325
17041	12.0096681977227
17059	21.5565550873241
17062	25.2713511502583
17063	14.4098338679497
17064	17.5619417375691
17070	14.4343696151034
17074	18.0860567675335
17078	25.4610702935953
17081	14.6098106622466
17095	13.9405267953517
17100	13.0923012120171
17110	16.7577130998496
17116	16.0722008599086
17120	18.4233459081547
17126	20.2217011512936
17130	17.3102900887953
17131	18.0508050803316
17133	12.8962323810061
17136	15.1379595798318
17145	24.3732476641607
17160	14.9781629204904
17165	21.0482544710345
17173	15.846039152717
17177	22.9124923818408
17178	12.4153182556282
17180	18.7771977782845
17183	11.9742587795312
17227	19.3964122144807
17233	18.3502141931418
17242	16.9758998231428
17249	19.3269628570222
17256	15.8371042553883
17258	18.3386404208185
17276	14.7975247064526
17277	22.7170664852591
17289	24.1016953707664
17290	13.3386401328801
17302	17.3266359754297
17303	12.5739145160206
17311	20.5514905794914
17313	15.5757628329183
17317	16.8587655520124
17318	15.3745407701312
17341	17.6503750544066
17345	16.6262780266393
17351	11.997876669894
17362	21.5335614220204
17367	21.4248303275605
17368	23.0018922880765
17379	20.3681613248156
17386	21.0482544710345
17387	17.1583524483054
17388	20.2601621029041
17390	19.4219362194136
17391	14.4637575714485
17393	18.144657385825
17400	16.1993944999684
17414	18.1914019649228
17416	18.1407565672513
17437	21.9695472177739
17438	21.3950804909549
17441	18.7658873479169
17448	10.4870762645026
17450	25.9265662307612
17458	15.4617533743676
17470	11.3927504543803
17472	20.3924690871564
17473	17.3307200381795
17479	21.1354945414503
17491	22.5293706235563
17500	19.628539096504
17509	13.0652453839442
17526	17.6784201578685
17533	20.6065147491311
17536	16.6390429252771
17545	24.986903859277
17555	16.1337298823017
17559	13.7822516307806
17563	17.7184075877363
17564	16.3818552205509
17566	17.0839482567594
17568	14.91661180884
17571	12.2083817923286
17585	18.484706097711
17593	16.3602404133797
17600	20.2076972014483
17618	24.859121821198
17620	15.8817284752969
17626	21.4973788293411
17627	18.4617199257962
17629	13.9912013601027
17638	16.041347847495
17641	22.0049534409351
17651	22.0531430455673
17656	17.8298952973036
17660	16.20376267977
17665	16.1775359088489
17669	24.3558195263124
17680	18.3386404208185
17699	10.7470432412303
17702	22.6765308872093
17704	14.6388464192677
17706	17.038319079531
17714	19.8757641718609
17729	10.955743177135
17739	17.0175380996312
17750	22.8444383861908
17761	20.2950633554806
17763	17.7543192715314
17769	15.4663298887121
17776	10.8323125437739
17779	14.3606366131481
17787	16.3732127218114
17794	18.6486112254222
17800	26.5576327187934
17810	19.1356020759267
17811	12.9345896472144
17823	22.6296688183461
17825	16.7281244800473
17838	10.5476373623581
17851	17.4690100695381
17852	22.0563519423533
17853	19.9681274697875
17859	19.6032840959384
17861	15.6347191994114
17870	19.7614936500499
17897	21.7656566062632
17898	16.7154276095424
17900	16.251735167853
17903	18.6865226514717
17904	19.190998125651
17909	21.1789798179422
17912	12.5626526109253
17913	19.8472582207672
17918	21.2556973753615
17923	21.7005288223059
17924	17.5296735582884
17930	17.517557666811
17936	20.4617607210296
17943	17.6904258775259
17959	16.9216168904822
17960	17.9643430740086
17966	14.0063679784962
17967	12.4380986752535
17968	15.6573356139528
17970	11.1096955927779
17991	11.3054483980934
18005	18.0508050803316
18009	22.1204321236949
18015	24.5900571969885
18016	20.8285557154545
18048	12.7970714979746
18057	19.2425572233154
18068	16.181909989207
18074	16.041347847495
18087	17.8774629104142
18091	21.8046399030618
18096	12.5231561878735
18098	21.3884637966599
18101	17.1129216604455
18118	16.5665784513665
18120	15.908442923909
18131	18.6675765625979
18134	20.9876450698211
18150	20.3681613248156
18165	15.4067291664825
18168	22.9495276846461
18174	18.0664809886965
18183	24.564141092268
18185	18.0547253334086
18188	11.7113188575962
18192	11.8315614235117
18198	20.3577348274215
18216	19.5091935792287
18226	12.4039123567982
18227	18.4655529414974
18229	17.2242196864619
18230	12.2835110047733
18231	16.8671592620431
18233	22.2734723952215
18242	15.6934540832021
18244	15.9128909717867
18252	22.1938956049438
18260	11.9919765580694
18261	18.0899693812661
18264	15.3883440415963
18268	21.4907936311993
18276	21.4644326355294
18278	18.6106225707235
18285	19.7936989123125
18286	19.5019370442634
18293	17.549848123094
18294	17.2324353891406
18305	17.5417810814712
18316	21.1321458137827
18319	15.2868306190357
18324	23.8181361433221
18331	14.316214534037
18338	22.5921091761615
18355	21.0247049101886
18356	18.5915991347278
18360	20.1480718258965
18366	12.669236525542
18372	19.1725505599863
18376	12.0801756617947
18381	24.4167635846573
18391	24.5699025890265
18392	14.4490710647961
18393	15.025338353587
18410	20.8081588875993
18411	18.2651695575688
18413	15.207924332109
18415	23.7913791948157
18426	23.8478308763889
18427	11.6810648187902
18428	22.4223122118503
18429	21.6842163124291
18431	18.8411619675844
18433	22.9680229416585
18434	23.5672232717148
18435	24.9159947434414
18439	20.9943880884914
18445	18.2030693538069
18470	14.6340111271724
18472	17.7024234549494
18491	18.8974211610812
18506	13.359846251409
18509	20.7536693436208
18518	22.5230871565191
18520	18.1056113810596
18521	23.690024656459
18528	13.1193012431949
18531	18.4693851617195
18546	21.6253893926463
18549	19.1577797176088
18553	24.1896259633398
18556	16.2386658169914
18557	17.2447516042132
18558	16.1906546048083
18560	13.874373164752
18565	22.5921091761615
18573	19.8008485238559
18587	12.6468724542204
18592	18.1680447090265
18598	14.2418698327867
18610	18.5153099367083
18613	12.6300734132155
18625	26.1575605884364
18650	16.0236908824878
18655	11.2678261693079
18673	15.4663298887121
18675	20.4686769830899
18682	25.7017572463145
18691	20.9031738058898
18692	16.5580323695745
18694	16.6730348767952
18695	16.9174340658254
18697	19.8472582207672
18698	17.7144129066828
18708	21.2989372394511
18717	21.5664020106031
18726	25.994718827785
18727	16.4034415459257
18738	21.6711574637214
18739	17.7782200935775
18740	12.8522553309252
18748	23.7526770570052
18788	21.6515544226551
18794	11.3429458423359
18798	12.2835110047733
18799	19.5345702238041
18801	25.7457765588011
18820	20.8760708138677
18821	21.8500325110976
18844	18.1368549097017
18846	15.9173377766721
18860	14.9497862049108
18876	24.169137438671
18883	16.2995664650859
18896	22.453852967647
18919	13.0760744329512
18921	21.9985201844196
18959	23.2801942679214
18961	18.2186142493416
18965	21.5499879721413
18966	19.5454358426421
18972	25.3663880899022
18978	25.9292957739841
18985	21.3155446004457
18986	18.3656345439244
18988	20.7331988444652
18991	23.6002327048395
18992	20.9336227277926
19000	16.9466921577181
19018	14.2567697878638
19030	20.7707126817511
19038	16.837762970603
19041	17.6744164390633
19051	19.8187112686016
19058	24.2013259040304
19068	20.1093964931264
19070	21.0616995407358
19072	20.3229412029014
19078	16.6347890474305
19096	18.5573078067939
19099	22.6921300710635
19111	14.4735402966599
19127	21.2390432183147
19128	27.0435155610269
19132	12.6300734132155
19137	12.1560972617425
19140	17.517557666811
19146	15.7024707194433
19148	20.7468480881058
19151	18.5153099367083
19154	24.9500562695884
19155	26.3677514331518
19161	16.0854054636914
19162	14.4588637267571
19170	21.6286617524128
19171	16.5665784513665
19205	17.6343292555858
19209	18.1875111720295
19216	19.9539455592841
19225	23.6720935137437
19227	23.8478308763889
19235	16.8461671453068
19236	21.8338316988226
19241	15.6618549777687
19245	14.4637575714485
19256	22.9402744643178
19290	16.4766235143775
19291	21.145537542512
19308	17.2242196864619
19310	22.5482105186592
19320	16.1862828875409
19322	14.453968225101
19323	16.1950251419658
19326	12.2373322285035
19333	13.4653759024889
19361	17.1707218016709
19377	12.6188616281267
19378	18.81485010761
19380	16.8335593098284
19406	16.2952239669496
19413	15.5074577406094
19436	20.8489325887922
19443	11.997876669894
19447	22.2130200338305
19471	20.2147003890442
19472	19.260937738752
19478	18.0703978409894
19495	24.6188208718084
19502	21.3553495736786
19505	22.4727561725954
19518	20.5480466765633
19522	15.8728136677041
19530	16.1337298823017
19538	13.4601190700018
19548	15.8995430950032
19561	17.987964837104
19563	20.8930143040474
19565	24.8078247135964
19576	17.7144129066828
19583	25.1900068931174
19592	20.38205502447
19595	13.7616964342099
19601	15.0817540902973
19613	13.3968761873133
19617	17.7901584632006
19622	22.6983667429062
19625	14.2120230591506
19628	11.5592568518369
19632	21.4644326355294
19633	15.9351125870978
19639	20.1269854027192
19662	23.7973277832809
19665	11.4299614966978
19670	17.1624765566328
19689	17.8338641109971
19697	20.1831669088007
19719	14.5369675426536
19722	18.0977920710939
19725	15.429679766374
19727	22.5262291091265
19733	18.9982678839476
19737	16.6432957158706
19744	15.3883440415963
19746	20.8489325887922
19750	22.3400978442673
19756	24.4399403944171
19769	24.6561634837076
19770	19.6897378079781
19772	17.141846092923
19784	18.1290490755077
19795	17.3959346431569
19800	16.0722008599086
19802	24.128108195537
19814	11.3989607303685
19815	14.7735920938195
19822	18.7130149500522
19823	24.7507032362008
19840	15.9573032573487
19855	15.025338353587
19859	12.266214336717
19862	18.9945423680996
19867	17.4973458709182
19869	12.9946365984412
19875	20.4928655183942
19876	17.6704118131052
19889	18.2030693538069
19890	12.9291170048509
19893	19.2094279754044
19908	22.1651780225836
19909	15.7249896908865
19922	25.2433310161841
19924	11.2048417398337
19947	20.7843372897637
19980	23.5882346193132
19982	20.9943880884914
19984	11.7052743055251
19990	20.5342652889119
19992	16.05457782735
20000	16.3515864903127
20005	12.426713685522
20010	19.7686549090819
20012	17.1046485530438
20015	21.0482544710345
20018	21.0986293044822
20021	18.2884027697049
20037	16.9257986814494
20041	16.7492645421663
20048	16.3342648895923
20078	13.8386209933605
20081	23.690024656459
20087	21.1689526826128
20089	20.7843372897637
20101	19.2903101351351
20109	12.0096681977227
20117	14.0063679784962
20122	23.0357118365375
20131	17.0216963252521
20138	11.7294338241193
20153	17.3184649606034
20165	18.354070495421
20181	15.4067291664825
20183	10.0740359129483
20195	18.4271869059882
20222	20.3577348274215
20226	17.6824229701371
20244	22.9772649873447
20254	11.2552574803217
20274	18.2651695575688
20280	17.4000024403932
20288	13.7976479323202
20291	16.0281069473043
20297	17.2734552886192
20307	19.4692491670351
20321	22.0563519423533
20327	16.8629629292845
20332	18.5725562134807
20341	18.039039209393
20345	21.9856480240522
20360	23.1552194908054
20366	18.039039209393
20374	24.2247088330636
20385	13.9709535906512
20386	17.0133788577019
20391	24.7907020901045
20392	22.4727561725954
20396	19.7005178459102
20398	12.1735503895556
20401	20.0847461423053
20406	25.279751134253
20408	23.9337372592165
20432	18.9049097372265
20439	21.0078676327941
20446	20.4132812739854
20456	16.0325217957415
20458	16.6475474200441
20465	20.4652191442304
20470	17.4649583450097
20473	18.195291925828
20487	14.9403153226141
20492	11.0137275213099
20499	18.6827349707494
20503	20.0035382574359
20504	23.1460485011431
20505	17.4040692868763
20526	22.5419323031627
20529	16.2473798856716
20547	20.2356954098207
20560	23.2162668403302
20564	18.2224984012351
20569	21.7298604808693
20572	23.835957422391
20573	13.7411104893505
20578	18.7583432722963
20583	22.6546739848898
20586	23.3500092063431
20600	10.5610482226537
20618	24.4225598490913
20631	20.6030800437569
20636	16.9592158880819
20641	11.6264091597733
20648	12.769390151482
20650	20.4686769830899
20660	25.563708352142
20664	17.7343773139053
20667	17.6904258775259
20668	10.8518949265143
20715	18.3579259876378
20732	23.5792320486835
20742	17.6824229701371
20747	20.712708114197
20749	20.3159753273916
20792	23.6780720700996
20814	24.8106773353173
20823	20.8285557154545
20840	18.0154844147418
20843	22.7264105864914
20846	13.6480894919363
20862	20.8794606118626
20865	19.772234565953
20871	20.23219775265
20876	12.674821377709
20877	22.0499336817948
20891	23.5100978139504
20894	18.1719396698836
20895	21.4446406233578
20906	16.6560475724592
20924	15.6030011448929
20933	12.5851663433423
20941	23.0510679557261
20946	22.6640438097827
20947	12.669236525542
20959	17.9406902091438
20966	16.7450386648334
20968	18.1875111720295
20971	16.089804590114
20972	22.7886066814062
20985	23.1949185444679
20992	26.1575605884364
21003	17.5538802536752
21012	15.8102692670247
21017	21.6744229135198
21025	9.66531215343584
21044	22.5983734516669
21058	18.5420468602926
21060	18.4233459081547
21079	25.7430275569718
21080	19.7507468929875
21092	18.3386404208185
21100	16.3688897612815
21104	24.8932611668617
21109	23.7705474121778
21115	20.2182010731798
21116	15.1519783754706
21122	19.190998125651
21124	18.8561808316413
21126	20.787742046489
21132	19.8401253334854
21138	19.0763356476284
21141	10.3169859048049
21143	23.2589046482255
21153	14.9260977314578
21157	21.3719130986798
21158	16.9466921577181
21169	21.589360699193
21175	19.4328648161066
21182	16.7788158825461
21191	13.8998541286699
21205	19.1614734956663
21212	21.4116132810666
21219	20.2671471615853
21224	21.1990198601024
21231	18.0938811489367
21244	12.7860061509007
21254	17.1377170199755
21282	19.9362039841933
21285	14.9828871479917
21295	24.8676610514794
21300	18.0429620188793
21308	14.2070425007152
21309	1.50488706128827
21316	21.1287965553714
21319	17.6664062793774
21321	12.4665156615172
21325	26.7911109044793
21333	18.3270593395114
21334	20.5893354924982
21339	17.1583524483054
21368	23.0572075397891
21430	16.2604422325911
21442	17.7144129066828
21444	24.541081579002
21467	23.528152416238
21470	24.8619685571731
21484	18.8786867248696
21497	15.612070021651
21506	15.309960955489
21514	19.0429172237517
21522	21.4842064146059
21531	15.3975393480886
21533	25.3859103528797
21549	22.3685908595458
21620	14.8690914210857
21637	20.3716356380733
21648	14.5904213893872
21650	17.3102900887953
21666	19.4000605568838
21699	20.811559747128
21716	25.3663880899022
21719	21.1956811688682
21725	21.510543177684
21730	17.4933007094098
21736	19.3598909766309
21771	18.0547253334086
21785	19.3635462001085
21797	15.0911362088347
21828	14.1771224060778
21863	20.7809319752017
21886	21.8985630347416
21891	13.8998541286699
21902	16.7111931756278
21927	16.1073890812528
22002	25.1618961747377
22008	21.5828035659516
22028	20.1480718258965
22029	25.6742068500949
22045	25.1224883256904
22055	15.0017691808754
22056	23.0203454737865
22063	19.925551456591
22079	24.7592798590062
22100	19.2315204818148
22120	16.1029947586826
22125	17.7064208408997
22133	13.1838757165759
22138	23.5221357552481
22141	13.0055244399814
22152	17.8893350508995
22154	21.9017945795146
22158	20.9538974276808
22204	12.8412375360746
22235	24.3354709237645
22236	22.8413402050704
22252	20.7604883578819
22261	13.4338040515379
22285	21.3719130986798
22304	19.9148932309252
22315	23.1949185444679
22320	20.6716657196148
22324	11.7776041862516
22335	25.0999417756463
22336	22.0049534409351
22352	17.1294558881289
22366	20.0494787820988
22388	16.9758998231428
22399	24.9387075966021
22400	15.0488706128827
22417	22.8475361471903
22421	13.0327042490215
22439	20.3124914938193
22441	23.6242105954081
22471	18.1914019649228
22501	16.2343070286114
22515	12.4210172773907
22533	15.9794631114597
22544	13.4706306835289
22547	21.7037898530287
22557	20.5308184965605
22587	15.1519783754706
22599	12.4039123567982
22608	20.695617007966
22622	15.9794631114597
22632	13.0652453839442
22653	23.546193174735
22681	13.9760182830745
22697	17.1748429398081
22698	10.9039426827971
22700	20.2496799971221
22707	11.3242126407119
22714	14.8595691073194
22738	21.8305900936234
22758	14.9781629204904
22773	17.2077765135619
22790	23.9544271254839
22791	15.9395531926144
22799	23.2436858383462
22831	17.5901278366783
22843	21.2323778978247
22844	11.9209474442622
22848	20.0812221934858
22871	18.4961884713814
22874	16.489504264369
22884	12.1269528964795
22887	19.381811977399
22905	19.0243260670949
22952	22.0178143148799
22964	21.1522302274533
22966	21.9695472177739
23000	18.3463570802893
23011	17.4081351832726
23013	13.199969975732
23014	15.1286064991862
23020	21.5072528460124
23031	18.4732165869577
23035	25.5803135558106
23049	21.9017945795146
23077	21.9017945795146
23078	18.4923618056796
23087	11.75956342378
23110	15.5939269939976
23113	13.1892426517531
23121	18.7243573179691
23130	17.5699995226857
23159	16.1862828875409
23167	24.104631558311
23171	19.7543297949477
23178	20.09883575901
23181	11.9209474442622
23182	10.5677472707252
23184	14.4098338679497
23191	18.9721739100536
23197	19.0763356476284
23215	23.8774886802584
23246	19.3854630675656
23257	20.6202478494553
23263	15.890638281594
23277	18.7696582486578
23281	20.8387466427781
23287	24.1016953707664
23294	17.3837255402541
23296	17.6623998372623
23305	20.6236796956719
23319	18.4808770544596
23321	18.6524058355389
23332	12.3524554807865
23339	20.9200953449726
23387	23.5431873416757
23389	16.9925673773031
23393	23.528152416238
23409	20.3438245184331
23418	20.5135758475991
23433	25.729278142138
23446	12.7749312192852
23448	18.2961406176372
23486	21.6744229135198
23492	16.1993944999684
23504	21.3884637966599
23506	20.3055220335031
23555	22.9587771755911
23556	15.8102692670247
23573	25.8719148920988
23575	19.6933318096157
23597	16.6390429252771
23606	20.1936835401225
23611	13.5282985624857
23619	24.8705068100344
23647	18.4271869059882
23686	18.195291925828
23693	16.7027210872883
23719	16.4293076984642
23747	14.6485122152494
23766	19.9681274697875
23783	14.7496206483779
23784	11.7956173563793
23787	17.7024234549494
23796	25.2321142500154
23798	21.1622652862422
23807	15.9217833396066
23822	11.6020351095681
23838	16.837762970603
23851	22.7699656912262
23859	15.6347191994114
23862	19.4110014698074
23872	16.3125870235183
23890	2.57924647620123
23896	25.0886609023684
23904	16.9550423391352
23916	22.6296688183461
23917	19.4619777385211
23945	22.6108967961869
23960	25.5609397694348
23962	21.7005288223059
23967	20.8183597995059
23973	16.3861747605655
23981	19.1133987011206
23983	23.4799759594105
24034	19.6645614044658
24042	16.1073890812528
24045	11.9446707462227
24061	20.8081588875993
24101	17.0756611118348
24104	19.4146470706414
24108	17.9564622475385
24140	20.1375313743115
24172	11.5470053837925
24197	17.3225509497981
24206	24.136906047496
24217	15.3745407701312
24229	24.784991920251
24235	12.266214336717
24238	21.3983880708604
24243	11.0072999003823
24244	10.5878189835313
24261	24.6303169363489
24266	16.1644065660323
24268	20.4617607210296
24278	18.027265659215
24280	19.301313259978
24281	19.5200733236821
24285	25.1055803114415
24316	14.8881177774564
24323	24.0104954640145
24333	26.4882566884284
24344	11.6871218919579
24353	20.6271109709132
24377	20.8217589928994
24392	12.1386190395298
24424	13.6636369693434
24442	19.7686549090819
24443	17.7104173246072
24450	24.4630952460288
24451	23.0357118365375
24486	21.7363732520274
24497	23.1246353809169
24499	21.3719130986798
24520	25.1759554573762
24532	20.5480466765633
24547	17.211888779486
24551	17.0092185987186
24555	17.3755813723017
24563	19.3635462001085
24565	22.1779459833329
24566	13.1731352865108
24567	14.725610180483
24583	22.0916190440782
24591	22.7170664852591
24593	18.3848917942016
24596	12.769390151482
24598	13.2481354427914
24601	9.03715692223413
24612	13.0544073518973
24618	20.2182010731798
24632	19.639352726429
24637	12.0155596222604
24644	23.513107877059
24653	25.1083991045017
24659	24.0428963191039
24661	23.5221357552481
24662	17.758304975762
24669	19.4765178808097
24679	15.5575774643904
24684	19.5019370442634
24686	13.4179902684795
24713	19.6068939448036
24714	20.4063462368313
24716	11.4608784087218
24721	19.0614902479887
24730	18.9945423680996
24747	17.5377461691507
24752	19.9113392212189
24772	11.5101727368933
24784	17.3674333852781
24814	11.1795486110984
24838	14.5758625086058
24842	16.0854054636914
24862	19.3891134702093
24864	22.8165396112151
24872	21.7266033631892
24881	22.4159987351063
24883	14.3409104546428
24888	18.3424991563521
24892	24.2451503968036
24901	17.3143780071635
24909	21.5762444399634
24918	11.4113711431137
24934	17.3877961937557
24936	12.2719826014782
24939	15.534815817286
24946	25.1337540160888
24951	13.2213985125264
24962	21.4545389117332
24973	15.2032700322809
24982	19.6177195059181
24988	15.3422848420798
24993	21.1890022081954
25003	23.1460485011431
25006	14.0568051888068
25017	12.121115614362
25020	17.8774629104142
25022	22.1683707021857
25024	15.7384856078529
25046	24.1808472927683
25049	16.7788158825461
25055	23.6631228470234
25056	14.7640081861655
25062	10.6345056558798
