R4 & DRAQ5+ & R3 & R2 & R1
Object Number	Diameter_Threshold(Morphology(M11, Ch11), Ch11, 80)
113	7.41070933719548
1707	7.14821354111927
2766	8.91891602082638
3031	10.8061474994187
3200	9.92541185163762
5370	6.27287039904146
5814	10.1649523458056
6043	7.59930715357903
7933	7.81962254941289
9410	8.49628368865157
10783	7.96311383081514
11315	6.11288014027282
11622	9.29960542200334
13335	11.6020351095681
14935	4.77371904169385
15031	6.95756015511917
15621	9.21551355168183
17200	7.5056006453459
17992	9.65798717159287
18272	11.4485216629092
19278	9.00577781039905
20360	5.96047372213108
20410	10.7140666576872
20859	10.4329490578589
20899	9.36028864611399
21450	10.6411584595683
22097	8.37885654992481
22157	11.4361515656578
22452	4.08681445270545
22833	5.7918604574339
23049	8.57917622415271
23292	10.1719122592166
23529	7.90960966055261
23691	12.3180314784709
23955	7.4393038202847
24245	7.15810726701849
24752	9.81787442240415
25014	10.5476373623581
25175	7.99858444659601
25667	6.87570365697108
25800	10.5073020812957
26071	7.25630262690053
26078	10.3921686448819
26242	8.43777439856816
26303	9.51030282759763
26361	6.73005953500092
26416	8.40415763383363
26499	10.0317965826246
26576	8.95850305966704
26593	9.81787442240415
26767	11.3054483980934
26872	9.91114094296032
26881	10.378539565385
27023	10.5945011040977
27203	10.7536264230062
27597	6.19339190801423
27883	8.76685516415176
27953	6.18195442473933
27977	5.49077589758835
28461	10.6809882624153
28602	10.8257772113276
28730	8.95059965886988
28785	7.04851251417066
28838	10.9622010280802
28862	9.21551355168183
29028	8.5046092993593
29058	6.51635212451075
29090	9.45058291001116
29182	10.7206700892279
29488	10.3443883060697
29590	9.21551355168183
29893	7.5525992301278
30148	8.91891602082638
30186	9.92541185163762
30380	6.67727393935178
30625	7.74688029349042
30708	6.37360089694115
30845	7.38200409308273
31021	7.02840259440339
31258	7.48671860123063
31531	7.00823497006287
31684	10.779918947394
32028	9.36028864611399
32044	9.59918609430175
32051	13.4548601836632
32077	9.51774146997666
32434	8.43777439856816
32467	9.02148100943964
32470	6.90651353640834
32945	8.45453265618724
33275	9.22318994914089
33345	5.00530504128003
33363	10.378539565385
33364	6.46182102252186
33507	11.7475208569511
33554	9.85385063097711
33854	7.0685652218696
33964	11.4361515656578
33976	9.40554413305167
34002	7.40115329281148
34014	7.08856120303892
34221	6.55965062159746
34393	10.3238433239102
34648	7.41070933719548
34700	11.286652959662
34762	12.9509936990152
34791	9.99646080328678
34845	11.3429458423359
34961	8.48794991157138
35045	10.4668113638963
35279	12.179362540944
35300	6.39577001047514
35342	7.9006570717634
35722	7.69187216361907
35805	6.35135440359652
35997	10.9686550769338
36065	7.76512974232075
36153	8.75877883340551
36265	6.8859889337108
36521	9.05280569052978
36666	12.2892711509304
36776	9.31481329057959
36997	11.8733586417342
37025	9.88253730194914
37030	8.14761198347482
37146	8.19956327699682
37226	9.83228070223291
37352	7.5525992301278
37406	7.80150057244647
37424	7.97199628068287
37430	10.1719122592166
37431	7.8737382300594
37435	8.37040586038191
37443	8.89507923160032
37743	4.48319974702125
37760	7.40115329281148
37840	10.0317965826246
37902	10.2826302119853
37952	6.90651353640834
38048	10.5409255338946
38148	8.13022111629557
38282	7.11844985789285
38292	8.33651743839762
38293	7.02840259440339
38316	10.378539565385
38352	9.28437264286338
38431	10.3238433239102
38516	8.07782387154153
38568	9.16159867623097
38734	8.6367276443096
38967	7.34355589367181
38986	8.84721298693746
39164	7.59930715357903
39208	9.87537344649376
39231	7.10850093638825
39257	8.47960794404096
39274	7.32425610762471
39306	7.42978455365971
39353	6.18195442473933
39448	11.1732163825467
39494	9.92541185163762
39760	10.7272694558666
39837	9.71643240805332
40020	7.71942522676164
40195	10.8453713942587
40251	6.38469507574098
40277	7.63646780136246
40298	7.61791013650342
40777	8.59565880654132
40785	8.15629351175916
40855	10.2757452897457
40887	9.00577781039905
40919	9.99646080328678
40974	9.03715692223413
41004	10.7404560244048
41043	7.44881092169781
41331	11.3740992815113
41383	7.48671860123063
41436	9.45806852141055
41516	12.426713685522
41582	9.00577781039905
41603	7.91855212769413
41620	9.17703524771051
41652	8.91891602082638
41979	6.41786254607383
41980	7.49616556852334
42193	10.0176772278685
42357	8.47125776186397
42785	5.63077178912978
42914	8.09532730240416
42986	8.75877883340551
43262	8.774924061547
43428	10.3580623216968
43512	6.84475509630398
43578	11.656805052585
43598	9.16159867623097
43822	9.92541185163762
43911	6.30662599915967
43952	9.67263158814893
43974	7.21718480755171
43997	8.94268927318061
44073	7.48671860123063
44267	7.59930715357903
44684	10.4125788157292
44981	9.20014154172789
45054	9.34515478230116
45166	8.20818985831693
45193	7.89169432687956
45278	8.40415763383363
45626	8.20818985831693
45712	8.55439280340581
45817	7.08856120303892
45821	10.0176772278685
46091	8.46289934072469
46188	8.92684747283471
46411	8.43777439856816
46558	6.17049574125549
46786	9.42809041582063
47088	9.66531215343584
47098	9.14613605141061
47438	7.52443530644134
47550	8.19956327699682
47570	6.55965062159746
47612	10.5945011040977
47732	10.0106100825601
47998	9.11513211117122
48430	9.32999637040456
48643	8.17362890541091
48653	9.30721246247533
48747	10.7074591537237
48893	10.2481593465814
49056	10.5945011040977
49196	6.69843809365666
49215	10.1997044210118
49253	7.19754617303364
49604	9.74552358814431
49611	10.5342094290179
49652	7.89169432687956
50203	7.85574109057158
51146	9.85385063097711
51284	9.02148100943964
51410	6.96772460196325
51727	7.34355589367181
51929	8.06028243092275
52122	10.2274210602095
52209	8.20818985831693
52601	10.5476373623581
52982	8.74260378943872
53385	6.84475509630398
53532	8.57092304646152
53824	10.6345056558798
53867	8.51292676765464
53964	8.64491799953497
54078	11.355417474297
54365	7.8737382300594
54415	7.67344849126218
54427	10.1579876636958
55308	8.99004718212713
55381	7.75601038539611
55457	8.37885654992481
55523	7.91855212769413
55594	7.17785380734012
55777	9.29199215390607
56225	8.93477188404704
56323	9.87537344649376
56345	9.796225279361
56736	8.95059965886988
57005	8.34500244562036
57300	12.3467248121966
57657	6.60266518492587
57661	9.46554821298794
57862	7.8286678069764
57878	10.3921686448819
57927	7.86474480824374
58056	8.42938277600622
58081	9.20783075455502
58120	7.69187216361907
58329	9.78899825862123
58435	9.44309136471172
58440	7.27578266900322
58515	7.69187216361907
58708	9.5474380833877
58815	9.88969596808305
59349	6.95756015511917
59418	9.91114094296032
59542	7.21718480755171
59595	10.6876121317419
59629	10.3921686448819
59778	7.02840259440339
59995	10.3238433239102
60016	7.36280509024149
61025	10.1300810514521
61265	7.70106747134187
61337	10.1091005365899
61366	7.99858444659601
61607	9.47302199876582
62073	10.1579876636958
62571	11.0329879164153
62737	10.7995963333122
63020	6.99812936283048
63135	8.00742754984581
63205	7.0685652218696
63397	9.07622825410393
63850	12.4039123567982
63934	8.20818985831693
64014	7.41070933719548
64070	7.8286678069764
64319	9.67994548831545
64338	6.64540132806442
64695	9.29960542200334
64709	11.7956173563793
64801	8.6367276443096
65153	10.6478071065522
65160	4.96270592581881
66036	6.69843809365666
66095	8.87915248788099
66133	10.3921686448819
66159	7.05854598902086
66160	7.09853807103481
66794	7.71025181267525
67016	5.71807578282888
67139	7.60861433055582
67233	8.05149737934131
67279	10.1300810514521
67283	8.57092304646152
67299	8.95059965886988
67363	11.4175712908915
67935	6.51635212451075
67998	9.29960542200334
68037	7.66422004716408
68058	8.48794991157138
68235	8.36194663046912
68267	7.49616556852334
68300	7.48671860123063
68695	7.24654296864798
69163	5.86471691205967
69292	6.64540132806442
69338	9.62127861165772
69347	10.6078527175924
69935	7.89169432687956
70889	8.12151171784886
71319	8.6367276443096
71484	7.2855031578656
71633	10.4261633992172
71753	6.40682580094037
71768	9.43559387137826
72321	10.3101239247276
72704	7.69187216361907
72813	8.90303191913571
72982	8.41257441875115
73215	9.10736463459121
73251	9.61392008009429
73405	7.56196389489061
73859	7.86474480824374
73929	8.51292676765464
74077	8.72639876384893
74145	6.65604248992916
74150	9.18474380450665
74433	8.62852951465541
74669	9.62127861165772
74764	10.0317965826246
74851	8.18228282938635
75234	10.4193733213891
76001	6.79286082919922
76310	7.24654296864798
76341	8.31952146263856
76451	8.26832392127276
76583	10.3921686448819
76596	6.98800914153724
76769	9.34515478230116
77256	9.97519925322511
77501	7.30490533112331
77628	10.5476373623581
77658	9.96810199209663
77687	6.45085948617728
77716	10.2066406369927
78133	6.42888034396343
78652	6.84475509630398
79454	8.29396219651364
79739	10.378539565385
79775	8.19956327699682
79990	11.6750046031715
80211	8.36194663046912
80257	9.18474380450665
80281	10.0458960928612
80384	9.81787442240415
80565	7.30490533112331
81187	9.48795190873696
81439	5.82840252629248
82764	7.52443530644134
82983	8.06028243092275
83156	7.73773942860369
83751	6.91675299871939
83853	6.50548247203185
84527	9.81787442240415
84529	7.78333640211435
84943	7.74688029349042
85369	6.93718658237601
85416	10.3306961911261
85687	8.40415763383363
86912	5.07550910153588
87338	7.05854598902086
87515	10.5073020812957
87745	7.2073721792102
89136	6.53803721647559
89864	8.87915248788099
90098	8.33651743839762
90986	7.42978455365971
91458	9.13064724088653
91762	9.67263158814893
91880	8.37040586038191
92682	5.60557805296257
92802	10.0599758420171
93159	8.60388825678096
93161	7.11844985789285
93478	8.14761198347482
93878	10.4532796046975
93907	8.47960794404096
94010	7.78333640211435
94204	8.42098279108372
94352	10.4329490578589
94659	6.67727393935178
94698	8.18228282938635
94943	8.37040586038191
94959	9.02148100943964
95735	11.3803197355073
95752	7.77423840204147
96049	8.05149737934131
96132	9.83947593239619
96827	8.90303191913571
97507	6.63474309934743
97924	9.23085996289812
97931	6.49459462762778
98313	11.8255783326494
98373	9.03715692223413
98977	7.37241084134546
99156	9.42058098379218
99178	7.52443530644134
99256	6.11288014027282
99544	11.2111561059251
99765	10.3580623216968
99822	7.99858444659601
99849	10.5073020812957
100493	10.6544516046133
100509	10.5744420748625
100864	9.87537344649376
101052	11.9565147459062
101481	6.46182102252186
101696	11.9624323482214
101932	8.83119991863115
102688	9.25383186062626
102939	9.4130655609894
103065	10.3375445155051
103109	11.147851499926
103541	6.62406772139568
103580	8.7829855460782
103683	10.081058594814
103710	6.98800914153724
103821	5.26710471450894
103822	10.0670083321049
103941	6.7719917757972
104249	8.5046092993593
104374	11.21746691763
104635	7.39158489412062
105468	9.16932021040923
105637	9.48795190873696
106696	7.69187216361907
106814	10.9879944779223
106821	7.93640683385204
106866	11.1160640057932
106975	10.7404560244048
107023	5.74277600917694
107380	6.47276399568279
107465	7.62719461299786
107564	6.22757832358312
107851	8.95059965886988
107926	7.19754617303364
107999	8.90303191913571
108022	7.81056681672877
108134	10.4938225349106
108338	11.1033235271016
108472	8.15629351175916
108498	9.09180977330688
108519	10.1440439540842
108589	8.55439280340581
108614	8.69389809687783
108811	9.81066334950882
109004	10.4261633992172
109022	7.75601038539611
109239	6.79286082919922
109586	8.73450503476907
109659	9.57704261361146
109751	10.2135721424687
110195	7.34355589367181
110273	8.10406484116164
110280	7.62719461299786
110294	9.96099967413606
110300	10.9944333852888
110418	9.36028864611399
110763	8.24260589965244
110951	9.48048989271141
110975	7.46778881467658
111130	8.35347883424097
111681	9.4130655609894
111752	9.60655591196648
112053	7.78333640211435
112238	8.36194663046912
112282	9.43559387137826
112563	6.86540297155116
112737	6.7719917757972
112802	8.6367276443096
113307	9.14613605141061
113431	9.91827896401016
113662	8.13892119488575
113744	8.83921007893425
113870	7.34355589367181
113905	6.41786254607383
113918	9.11513211117122
114108	7.98973155572987
114183	7.42025307500346
114464	9.26147649791564
114585	10.5610482226537
114748	7.93640683385204
114774	9.15387062873487
114812	7.46778881467658
114902	7.66422004716408
115355	11.052214747003
115396	12.3581834919827
115493	7.58998856374206
115544	5.75508636844663
115563	8.97428898038545
115599	8.72639876384893
115843	6.64540132806442
116163	10.3580623216968
116327	7.45830590442002
116396	11.9387443401292
116471	7.37241084134546
116500	10.4938225349106
116695	6.45085948617728
116813	5.65585330208129
117440	7.7285877525112
117528	8.38729872491257
117678	11.4670517883284
117691	8.51292676765464
117849	9.13839492767799
117947	10.2481593465814
117968	7.53383497944593
118095	6.20480830831688
118113	9.72371336254679
118299	7.56196389489061
118484	8.19092761027546
118535	6.34020188506509
118708	11.1605411471759
118778	9.40554413305167
119121	9.91114094296032
119151	10.4600476724863
119184	9.08402235451325
119769	5.98417351232559
119928	11.4917121432367
120149	7.5525992301278
120183	8.81515776202711
120264	7.24654296864798
120312	8.19956327699682
120555	8.25976014484617
120726	7.94531914079701
120773	10.5005644710605
120931	10.0458960928612
120954	6.53803721647559
121089	8.74260378943872
121197	9.81066334950882
121527	9.91827896401016
121597	6.92697732506724
121628	10.0740359129483
121839	6.85508680799021
121843	9.635978816734
122315	6.93718658237601
122317	9.99646080328678
122336	10.0950893025014
122465	6.28414241244361
122478	8.75877883340551
122751	7.47725969839959
122869	7.71942522676164
122899	9.39048320404113
123103	8.47125776186397
123143	10.0106100825601
123332	9.77452818676612
123562	11.4361515656578
123601	8.91891602082638
123682	10.1927634849096
123699	8.83921007893425
123735	10.081058594814
123747	8.66127547489905
123902	6.29539424314114
123935	7.88272139125829
123960	6.35135440359652
124015	7.02840259440339
124065	7.42025307500346
124071	7.92748450744063
124149	9.12289297431504
124259	10.4193733213891
124284	10.5005644710605
124323	9.09180977330688
124646	7.91855212769413
124718	7.93640683385204
124743	11.6081334201651
124832	8.87117839333316
124845	7.94531914079701
125042	9.86820439041531
125116	9.47302199876582
125129	5.94858841873541
125136	7.4393038202847
125332	9.4130655609894
125438	5.84053240939511
125543	8.26832392127276
125628	7.56196389489061
125873	9.02148100943964
125907	9.88253730194914
125960	9.81787442240415
126078	7.81056681672877
126306	10.554344922567
126337	10.0176772278685
126578	6.80327134998826
126674	9.98229146830751
126876	9.21551355168183
127035	12.7305351467976
127036	11.7173602915072
127059	10.13706490685
127245	8.42098279108372
127328	10.3853563408755
127355	9.39048320404113
127437	7.94531914079701
128135	6.84475509630398
128167	9.24618090283981
128304	7.48671860123063
128313	10.3648925646558
128369	9.48048989271141
128432	8.97428898038545
128453	8.57917622415271
128617	7.18770673415722
128865	10.7667807110102
128995	8.06028243092275
129008	10.4870762645026
129050	6.1359913007391
129064	7.29521069469359
129119	11.5286037698946
129169	8.16496580927726
129234	6.00777981113018
129286	9.30721246247533
129433	8.67760211610856
129622	10.8257772113276
129630	8.94268927318061
129771	6.61337511116179
129835	8.40415763383363
129932	8.18228282938635
130230	8.47125776186397
130244	7.67344849126218
130359	7.60861433055582
130727	9.76728511190204
130729	5.50364995019116
130799	9.20783075455502
130935	10.8974503078941
130953	8.9109775092215
131146	9.82508020276678
131281	10.4532796046975
131357	10.9363467443765
131467	8.11279296952993
131491	8.99004718212713
131608	9.81066334950882
131615	10.3101239247276
131673	11.1160640057932
131739	9.26147649791564
131849	10.7470432412303
131897	9.58442945822191
131943	8.46289934072469
131983	9.21551355168183
132089	9.45058291001116
132093	7.95422146195449
132119	7.92748450744063
132351	8.38729872491257
132358	9.78899825862123
132413	7.71942522676164
132428	6.94738083707809
132546	9.72371336254679
132580	7.65498047774452
132708	7.51502387648362
132727	9.60655591196648
132763	7.46778881467658
132815	9.65065662998899
132958	8.54611569183679
133056	11.9209474442622
133074	9.85385063097711
133215	8.58742146990407
133227	8.72639876384893
133260	12.5682848248872
133318	10.7667807110102
133365	7.21718480755171
133386	9.62127861165772
133435	12.4721912892465
133470	11.1668805632776
133530	8.66127547489905
133574	8.09532730240416
133678	10.7404560244048
133715	7.02840259440339
133767	9.02932236772961
134316	10.6145222264044
134383	9.51030282759763
134455	6.63474309934743
134494	7.98973155572987
134519	7.84672704160103
134521	10.0950893025014
134532	9.32999637040456
134536	5.75508636844663
134753	10.2826302119853
134845	9.85385063097711
134971	7.83770262568635
134980	6.45085948617728
135044	7.58065851895686
135239	9.57704261361146
135306	12.4892026969563
135348	8.38729872491257
135368	10.7272694558666
135377	8.73450503476907
135387	9.29960542200334
135431	7.14821354111927
135531	8.87117839333316
135624	10.0176772278685
135646	7.19754617303364
135662	10.9428160420404
135707	7.81056681672877
135822	10.6411584595683
135863	4.69900834278044
135894	7.48671860123063
135974	10.9622010280802
136115	8.70203464343817
136140	10.7272694558666
136150	9.34515478230116
136151	7.93640683385204
136170	12.277748156225
136201	10.234338491545
136220	9.80344697240178
136241	10.0599758420171
136267	8.37885654992481
136382	10.2550627891605
136510	8.16496580927726
136526	9.56965006707287
136549	6.68786438841642
136550	7.25630262690053
136646	7.46778881467658
136743	10.3443883060697
136757	8.04270273184568
136817	7.52443530644134
136861	10.8061474994187
136867	10.0388488130792
136930	9.74552358814431
137139	8.68575392825481
137316	12.1677354618822
137377	9.57704261361146
137455	11.5347409030255
137516	9.20783075455502
137577	11.0329879164153
137606	10.9039426827971
137732	10.1719122592166
137780	12.0390964903061
137884	7.2073721792102
137938	9.47302199876582
138032	9.21551355168183
138043	6.84475509630398
138111	9.86820439041531
138194	6.98800914153724
138198	8.27687883708547
138238	10.4938225349106
138312	7.15810726701849
138354	10.0740359129483
138390	9.43559387137826
138393	8.31952146263856
138399	9.60655591196648
138415	8.99004718212713
138461	10.4465071520237
138550	7.66422004716408
138562	8.88711942756174
138715	7.76512974232075
138737	7.18770673415722
138797	10.6278486876808
138855	9.49540806070004
138856	8.68575392825481
139117	9.73825894040485
139188	8.5046092993593
139203	9.74552358814431
139242	7.98973155572987
139259	10.8061474994187
139280	7.61791013650342
139292	10.4938225349106
139377	8.25976014484617
139594	10.9298736175919
139691	10.8584145395545
139719	10.2826302119853
139742	8.79908635802733
139783	10.6078527175924
139793	8.5046092993593
139893	7.36280509024149
139897	11.2803808541709
139937	9.11513211117122
140007	8.01626089787076
140039	10.4329490578589
140072	10.0950893025014
140078	9.42058098379218
140104	7.23677014832994
140112	7.03846473641222
140139	7.8286678069764
140187	8.97428898038545
140242	8.90303191913571
140251	10.6610919615088
140347	11.0777986116683
140379	9.15387062873487
140393	7.65498047774452
140524	7.74688029349042
140559	10.4532796046975
140599	6.75105821172213
140620	10.8584145395545
140726	8.12151171784886
140738	6.7719917757972
140818	9.73098886926057
140936	9.35272477526567
140944	8.33651743839762
141035	11.7715936708378
141055	7.92748450744063
141114	7.89169432687956
141192	10.4600476724863
141196	13.146245821268
141236	9.83228070223291
141237	7.59930715357903
141299	6.11288014027282
141308	10.234338491545
141332	9.40554413305167
141348	9.36028864611399
141370	7.51502387648362
141379	9.65798717159287
141405	8.30249069459879
141417	8.64491799953497
141454	10.4397303059313
141455	6.83440776597923
141523	8.90303191913571
141525	9.62127861165772
141526	10.6011790127999
141595	7.02840259440339
141676	6.75105821172213
141763	8.42098279108372
141765	6.57043066275917
141770	8.43777439856816
141806	7.24654296864798
141854	11.3054483980934
141883	8.5046092993593
141900	7.53383497944593
142085	8.21680738285126
142125	8.09532730240416
142199	10.6743602827126
142228	10.2550627891605
142237	9.83947593239619
142298	9.70185410665739
142317	9.50285836240388
142335	8.61210984323095
142354	8.87915248788099
142371	8.31101044101146
142393	8.43777439856816
142423	9.21551355168183
142427	9.81787442240415
142447	10.1858178190366
142482	11.8793176677765
142528	9.88969596808305
142576	7.33391234927033
142581	8.29396219651364
142621	7.34355589367181
142628	12.7749312192852
142631	8.11279296952993
142634	8.86319712460685
142656	7.40115329281148
142694	10.6743602827126
142761	10.7864820645606
142791	8.81515776202711
142852	8.01626089787076
142854	7.38200409308273
142890	9.00577781039905
142938	7.07857027319264
142985	8.86319712460685
143008	8.37885654992481
143019	10.1997044210118
143057	8.41257441875115
143076	9.43559387137826
143091	10.6677281849722
143132	8.98217153700428
143134	7.96311383081514
143177	9.59181061407772
143202	7.79242377987622
143214	9.34515478230116
143282	8.87915248788099
143292	7.42978455365971
143298	7.27578266900322
143336	6.66666666666667
143350	6.85508680799021
143360	9.26147649791564
143370	8.42938277600622
143381	11.2991867258335
143505	9.83947593239619
143578	8.74260378943872
143603	7.80150057244647
143658	13.0164031741628
143693	10.9233966548794
143700	10.116098876325
143744	8.12151171784886
143814	8.72639876384893
143831	9.95389228851893
143897	8.03389845692213
143917	8.9109775092215
143927	9.32240792151149
143931	10.1927634849096
144091	8.38729872491257
144117	8.47960794404096
144141	6.86540297155116
144172	7.8737382300594
144229	6.58119304616025
144257	8.93477188404704
144362	11.147851499926
144640	8.87915248788099
144667	10.9104311943399
144803	8.52953737226439
144814	8.31952146263856
144841	7.58065851895686
144880	7.09853807103481
144948	10.6345056558798
145004	9.30721246247533
145117	7.65498047774452
145130	8.87915248788099
145138	10.69423189833
145332	8.20818985831693
145378	10.8323125437739
145713	8.25118748021684
145716	7.21718480755171
145790	9.66531215343584
146011	5.42594746325717
146022	9.02148100943964
146044	8.97428898038545
146177	8.81515776202711
146180	9.40554413305167
146196	9.98937864809153
146231	7.30490533112331
146307	7.25630262690053
146341	10.6610919615088
146344	7.67344849126218
146353	10.116098876325
146442	7.09853807103481
146500	8.94268927318061
146599	8.74260378943872
146649	8.17362890541091
146787	6.99812936283048
146809	11.4855520183539
146915	8.99791593390236
147142	6.50548247203185
147258	8.774924061547
147296	8.36194663046912
147322	9.24618090283981
147396	9.73098886926057
147528	10.0529384323821
147623	8.45453265618724
147830	8.67760211610856
147945	9.20014154172789
148029	8.01626089787076
148045	10.6011790127999
148095	8.57917622415271
148112	11.4670517883284
148288	8.62032358839142
148374	10.3443883060697
148670	9.82508020276678
148753	10.7470432412303
148786	9.58442945822191
148814	10.2135721424687
148906	6.58119304616025
148960	8.90303191913571
148985	6.52720367594866
149109	10.8649302404347
149176	11.9860735419312
149275	9.67994548831545
149302	10.0247393910494
149308	8.34500244562036
149411	9.61392008009429
149430	7.15810726701849
149505	10.0880763879332
149708	10.3443883060697
149754	9.5474380833877
149765	11.5837209148678
149788	8.94268927318061
149867	7.30490533112331
149894	12.5175036684305
149932	9.796225279361
150048	11.7052743055251
150068	10.0388488130792
150092	8.09532730240416
150115	11.2489678696152
150149	7.23677014832994
150192	9.27674687349223
150218	7.8737382300594
150272	8.52953737226439
150351	9.88253730194914
150364	9.73825894040485
150380	10.3375445155051
150429	10.8518949265143
150489	11.8315614235117
150541	6.2162037418074
150677	6.40682580094037
150730	9.26147649791564
150733	8.11279296952993
150870	11.147851499926
150877	8.06905791793218
150931	9.47302199876582
150982	7.81962254941289
151020	8.774924061547
151034	11.4051676247737
151079	6.14751429924713
151242	9.32240792151149
151378	7.88272139125829
151400	8.62032358839142
151480	7.17785380734012
151518	9.44309136471172
151839	10.6278486876808
151880	8.74260378943872
151978	8.32802378622958
151987	9.45058291001116
152028	7.39158489412062
152091	11.2489678696152
152184	10.8388439357112
152206	6.87570365697108
152259	9.91114094296032
152262	9.88969596808305
152322	11.355417474297
152346	9.02932236772961
152367	7.45830590442002
152468	6.80327134998826
152483	9.88969596808305
152591	10.7074591537237
152599	11.6203204402356
152691	9.92541185163762
152700	9.36784640967562
152716	8.70203464343817
152727	8.6367276443096
152773	6.63474309934743
152804	12.1502739812829
152848	10.9944333852888
152870	9.82508020276678
152912	8.62032358839142
152944	9.39801668556088
152946	9.21551355168183
152982	7.86474480824374
152999	12.4096166166338
153057	8.62032358839142
153167	10.6809882624153
153222	8.67760211610856
153231	9.68725386647117
153338	8.29396219651364
153418	9.81787442240415
153615	9.89684945615625
153850	7.98973155572987
153877	9.36784640967562
154079	12.1735503895556
154429	7.80150057244647
154552	10.5342094290179
154692	13.4232635995019
154762	10.1997044210118
155042	10.3101239247276
155146	7.84672704160103
155156	8.32802378622958
155296	9.31481329057959
155467	10.2481593465814
155552	7.58065851895686
155725	8.29396219651364
155753	10.7338647651007
155842	10.0880763879332
155916	9.32240792151149
155917	7.94531914079701
155941	9.34515478230116
156045	9.46554821298794
156081	8.15629351175916
156086	10.0388488130792
156151	9.38294367395843
156191	8.67760211610856
156336	8.65310060240754
156452	8.57092304646152
156509	7.12838489393192
156520	8.92684747283471
156530	9.81066334950882
156550	8.11279296952993
156590	9.73825894040485
156592	11.3304604826442
156710	10.081058594814
156720	9.49540806070004
156792	9.91827896401016
156799	11.0008685239055
156966	6.58119304616025
157221	11.14150125646
157244	8.7829855460782
157329	7.18770673415722
157347	8.49628368865157
157355	9.73098886926057
157425	8.30249069459879
157631	6.61337511116179
157635	9.35272477526567
157767	9.55484781526235
157789	7.65498047774452
157897	11.8136030603802
157904	6.93718658237601
157918	5.92474628504116
158029	7.67344849126218
158039	9.29960542200334
