DRAQ5+2 & R3 & R2 & R1
Object Number	Diameter_Morphology(M07, Ch07)
0	11.3179613497908
1	15.3468969825244
6	10.7008475697937
12	14.821418674391
16	10.5610482226537
20	16.1644065660323
23	11.8195922131403
30	11.7354659324245
34	14.7783817169292
70	10.1091005365899
92	12.2604433581164
93	10.9492815173708
136	16.5152356260774
149	13.2588151184014
151	10.0880763879332
195	15.2218786928966
198	10.4329490578589
207	21.2623553856659
209	10.5342094290179
218	11.0072999003823
231	10.2826302119853
240	15.6618549777687
287	12.277748156225
288	14.3260980109022
295	12.6971362213547
302	15.48919217745
303	10.9298736175919
311	13.0544073518973
312	10.9428160420404
322	16.9717303769732
331	10.2963862451754
337	12.6300734132155
342	14.0063679784962
344	10.7470432412303
345	10.7864820645606
351	13.9557484851951
358	12.4721912892465
361	12.0096681977227
370	10.9428160420404
372	14.0568051888068
374	7.5525992301278
375	11.0137275213099
378	18.7016657031071
379	15.7654427825166
381	9.25383186062626
383	12.8522553309252
384	14.2120230591506
389	12.674821377709
395	12.769390151482
402	12.4153182556282
405	10.4803256514668
415	11.5653777190129
416	11.3865367912759
425	11.0137275213099
427	14.1721295823956
431	12.5682848248872
438	13.4916293411448
448	14.3950923460673
453	13.4074373842135
454	11.8494925700823
458	12.7970714979746
459	13.097705670952
463	16.0281069473043
464	11.6931758275578
467	12.0508476853832
473	12.5851663433423
475	11.9742587795312
490	14.7544180531716
496	9.70185410665739
497	12.460837448669
503	12.7970714979746
512	15.4250923782047
517	10.0529384323821
535	12.2950285984943
537	12.9126851613062
548	11.0137275213099
550	14.5077278867489
552	11.4547017020437
555	14.4147443584204
566	12.0449735209175
586	13.9709535906512
589	9.71643240805332
591	10.5744420748625
600	11.7776041862516
604	11.7535436827028
608	13.0055244399814
618	11.1732163825467
627	8.13892119488575
628	11.1922023204245
630	11.3179613497908
635	11.75956342378
643	12.3639088494787
649	13.0218391331278
670	14.9592510910789
674	22.856826911172
712	12.1035868768983
717	11.33670488129
728	16.8713545510675
731	9.51030282759763
737	12.669236525542
738	13.0598274921981
749	15.2404646322895
753	10.9944333852888
761	16.089804590114
779	13.3810187627137
803	15.6301919894716
807	12.6580594289458
818	10.9104311943399
835	13.4811341008624
840	11.2615435782596
846	19.5888380482167
852	13.2694861986949
856	10.69423189833
858	11.14150125646
861	13.2427923752448
904	11.8375414903193
906	14.251804867014
910	11.2552574803217
924	13.5282985624857
933	14.7544180531716
983	11.8614316084459
996	11.5653777190129
999	13.2588151184014
1005	10.8126946963232
1007	12.2719826014782
1008	14.2617329802815
1013	11.0329879164153
1016	12.6132519983193
1019	12.7472017938823
1024	9.77452818676612
1028	15.0017691808754
1042	9.52517430318288
1043	12.4380986752535
1047	12.0743157654218
1066	13.0760744329512
1070	13.5282985624857
1072	10.8714420361888
1074	11.7776041862516
1095	11.9268826935441
1101	12.426713685522
1127	11.2237741809441
1140	10.473570687406
1141	7.47725969839959
1165	11.33670488129
1181	10.3853563408755
1194	10.5140353739325
1195	11.8793176677765
1207	12.0918869351818
1210	12.6468724542204
1213	11.2489678696152
1224	10.0176772278685
1231	14.5028488794185
1233	13.4653759024889
1236	14.5612890713588
1237	11.5653777190129
1239	14.9071198499986
1244	15.2497491074926
1265	12.9946365984412
1270	13.2320997676272
1275	9.99646080328678
1277	11.2803808541709
1287	10.7995963333122
1295	12.3467248121966
1310	13.4338040515379
1315	9.77452818676612
1317	12.6132519983193
1318	11.4051676247737
1322	14.0164699401257
1355	12.0096681977227
1357	14.1771224060778
1360	15.5439244758331
1370	10.3169859048049
1377	13.5805114102074
1386	9.68725386647117
1389	12.4324074836148
1398	11.6628747249841
1402	13.7204936578
1410	18.5000143455502
1412	12.5457407980829
1413	11.21746691763
1415	14.306324229206
1416	17.2734552886192
1418	11.6264091597733
1436	10.3921686448819
1458	9.87537344649376
1460	13.7514073139422
1463	12.8577606879269
1466	14.3211571250815
1468	12.8191735377552
1479	13.1516281125155
1483	16.8881252853783
1496	9.54002259637888
1499	18.1991810552784
1500	9.81066334950882
1511	12.2892711509304
1513	11.9328149906996
1515	12.4324074836148
1521	13.960818693713
1532	13.3545478787036
1536	14.5126052538011
1540	10.9104311943399
1548	10.1091005365899
1549	13.199969975732
1556	13.3439448219476
1564	13.2534763563092
1571	9.92541185163762
1581	9.86820439041531
1588	11.0137275213099
1611	13.9557484851951
1613	12.2315476230144
1616	11.3117066041626
1621	10.779918947394
1634	12.9673769993024
1635	13.8232703275227
1680	13.9709535906512
1695	12.5118485953303
1703	15.3699369249104
1716	15.282200350682
1726	12.6804037701302
1735	12.3639088494787
1736	12.0096681977227
1739	10.6478071065522
1741	11.4485216629092
1742	11.3179613497908
1743	14.4979682301538
1746	13.9861421658096
1755	14.8261928470625
1774	10.5140353739325
1786	10.5945011040977
1788	16.2865354971414
1792	11.1541981281087
1796	14.5758625086058
1797	11.9505942133591
1798	13.1139056841581
1809	11.4485216629092
1824	16.0457590528162
1828	13.39159246548
1829	10.473570687406
1831	10.8061474994187
1836	14.1070620712849
1839	18.1563548130973
1843	14.6919296033785
1847	11.9031239394856
1848	10.5677472707252
1886	12.7804698847174
1887	12.0155596222604
1888	12.460837448669
1889	12.8246930960466
1902	14.7159950242632
1906	11.5408747725912
1909	12.9236420450437
1912	10.6345056558798
1918	10.3101239247276
1921	12.8191735377552
1931	9.21551355168183
1938	10.7338647651007
1942	9.70914599352419
1956	16.2865354971414
1959	14.6581716374763
1979	12.340991482511
1985	12.7860061509007
1989	18.1173340183389
2005	10.3375445155051
2007	17.9130557265798
2022	14.9071198499986
2034	13.2748185220761
2035	10.6211875471407
2057	11.7715936708378
2062	12.2835110047733
2070	11.2363780862977
2077	13.6998458001147
2078	10.3580623216968
2085	11.4485216629092
2095	16.1950251419658
2099	11.5163196920641
2101	12.4665156615172
2131	14.2666944460709
2132	12.1502739812829
2134	7.19754617303364
2146	11.9446707462227
2152	14.316214534037
2153	14.7400211545863
2156	14.8928705685679
2162	11.8315614235117
2171	14.7735920938195
2173	12.0625874326245
2176	12.8191735377552
2188	10.3375445155051
2223	11.9683470246512
2228	12.4324074836148
2238	11.1985238133434
2255	14.2319278631054
2263	14.5077278867489
2266	8.71828495571246
2267	12.9619182000712
2269	17.6142514519039
2273	13.3014480744604
2303	12.6636492103748
2313	11.644656216504
2323	11.0394005806686
2327	13.9100334446652
2330	13.5596503972619
2362	15.6030011448929
2365	11.656805052585
2367	14.7063735815712
2368	16.1161741318548
2371	13.6688155319585
2383	13.2748185220761
2386	14.7208033874121
2390	11.6750046031715
2397	18.1212398789035
2401	16.2124955085795
2405	12.5288061571155
2409	13.5178317922051
2418	16.4594335008143
2427	13.6946789714188
2432	12.4437872640143
2440	15.5393708139584
2451	10.9428160420404
2456	15.1566484259361
2458	12.9619182000712
2471	12.702708807193
2478	9.83228070223291
2487	12.121115614362
2493	10.3580623216968
2509	15.9838913956272
2522	11.6689412402057
2528	13.3545478787036
2538	12.121115614362
2571	14.0114198697258
2588	9.99646080328678
2594	15.3192033112693
2596	12.426713685522
2602	12.6971362213547
2615	12.6076398725695
2645	10.7008475697937
2666	14.9592510910789
2671	13.39159246548
2675	12.8302102798234
2685	15.9173377766721
2687	10.9428160420404
2694	10.2550627891605
2699	9.96099967413606
2716	11.6203204402356
2718	10.6011790127999
2725	9.48048989271141
2726	12.4551566471662
2737	16.5023749604337
2744	14.4098338679497
2752	11.5714953484907
2755	14.541835102657
2756	11.286652959662
2763	11.4855520183539
2780	10.13706490685
2782	10.9428160420404
2791	12.6804037701302
2792	16.9550423391352
2801	10.6876121317419
2802	11.7655800849175
2816	11.4299614966978
2817	11.286652959662
2820	12.6132519983193
2824	9.0136328296075
2828	11.2803808541709
2849	11.0969478024719
2850	15.0911362088347
2853	18.4271869059882
2860	11.147851499926
2863	11.5592568518369
2864	11.0969478024719
2874	17.1542273484866
2879	12.0801756617947
2900	10.8779499338302
2902	14.7927412814993
2905	11.4113711431137
2909	11.1351473915255
2926	10.6809882624153
2933	11.8673966234614
2956	13.2961264306889
2957	11.8852737060889
2970	14.8833634686086
2971	11.5592568518369
2978	13.6221375964417
2984	13.7719778674216
2991	12.4096166166338
2992	12.068453023748
2993	13.874373164752
3006	12.9291170048509
3018	13.2374471510613
3026	9.69455673510464
3033	11.4732218462343
3036	11.5531327418166
3041	10.116098876325
3050	12.179362540944
3051	12.4665156615172
3060	10.9944333852888
3068	13.3174002465823
3073	11.1160640057932
3077	14.3606366131481
3081	9.91827896401016
3093	13.4179902684795
3096	19.7650746038983
3106	11.2048417398337
3111	12.7915400209503
3112	13.5387572409419
3118	12.8742626335687
3122	9.38294367395843
3129	13.7976479323202
3137	10.5476373623581
3145	11.4113711431137
3146	14.9260977314578
3153	12.8522553309252
3173	11.2237741809441
3182	13.9912013601027
3195	10.7074591537237
3197	10.6809882624153
3207	13.6169412820827
3210	11.0265715227836
3216	14.1671349991277
3232	15.0582732196188
3239	13.689510192608
3260	14.7448216826909
3263	17.1748429398081
3265	13.4338040515379
3266	12.3007833512543
3283	12.3581834919827
3286	15.4571755050224
3287	12.021448159552
3297	15.1799771274841
3299	13.1193012431949
3307	12.1619177539418
3312	11.644656216504
3316	10.7008475697937
3325	14.142135623731
3329	12.2719826014782
3330	18.3347808731758
3332	10.2619615876462
3348	9.86820439041531
3350	14.9213555239572
3354	12.4665156615172
3375	12.4835348034505
3396	10.2550627891605
3403	15.890638281594
3411	14.7544180531716
3414	11.5224633679836
3420	10.1719122592166
3424	10.7470432412303
3429	9.5474380833877
3432	12.3467248121966
3450	10.5811326431211
3454	10.081058594814
3458	13.2641517316657
3461	10.7206700892279
3463	12.8742626335687
3466	10.7404560244048
3480	11.0969478024719
3487	12.068453023748
3489	11.1795486110984
3492	9.51774146997666
3507	13.9151203102383
3527	11.9505942133591
3529	12.6580594289458
3532	10.955743177135
3542	10.3032573745655
3557	12.1444479085522
3562	13.6065426999765
3566	13.9709535906512
3567	9.53260134080502
3569	11.7233986120789
3573	11.052214747003
3576	13.322713392713
3577	10.7667807110102
3578	12.7138466513382
3602	12.6076398725695
3604	13.4548601836632
3607	12.769390151482
3610	13.6013404276778
3613	11.5898288619914
3617	12.6971362213547
3619	12.6356755751291
3624	10.1649523458056
3629	14.1871027821158
3639	11.6264091597733
3656	13.4338040515379
3663	17.1872004252346
3664	12.0155596222604
3667	13.4706306835289
3680	11.614228528708
3700	16.6984834312294
3707	11.1605411471759
3719	11.9624323482214
3721	10.6345056558798
3725	10.6078527175924
3730	10.2895105273835
3732	10.9622010280802
3743	10.7272694558666
3758	11.7233986120789
3759	11.1668805632776
3768	13.6843394614726
3776	11.8136030603802
3792	11.5470053837925
3803	10.69423189833
3804	12.3180314784709
3805	14.5612890713588
3807	10.5274890395434
3814	12.1094326086455
3818	16.3688897612815
3829	11.0329879164153
3830	12.752752502525
3832	12.4210172773907
3835	10.5005644710605
3841	11.9860735419312
3844	12.0096681977227
3845	10.0670083321049
3847	11.4237680735952
3853	9.60655591196648
3857	14.1671349991277
3865	12.5851663433423
3870	14.350776923271
3872	11.0841853510929
3876	14.8690914210857
3878	11.1795486110984
3885	9.85385063097711
3886	9.82508020276678
3888	10.3443883060697
3904	13.6636369693434
3931	13.3810187627137
3932	14.7159950242632
3941	11.7776041862516
3951	11.1351473915255
3955	14.1271147638113
3957	8.95059965886988
3961	10.0317965826246
3972	11.4485216629092
3980	13.0327042490215
3983	11.4608784087218
3984	12.0332165893496
3996	11.2552574803217
4014	12.0037738816878
4023	10.9233966548794
4030	12.3065354129908
4031	10.8844539403508
4032	13.1354746225556
4033	13.0544073518973
4037	10.081058594814
4041	11.7113188575962
4043	13.0055244399814
4047	12.3352554880191
4080	11.7715936708378
4082	11.650732218074
4085	13.6998458001147
4091	11.656805052585
4092	13.848845317617
4109	10.2412512505172
4111	10.7733518319826
4124	14.2219789434253
4136	11.5224633679836
4156	14.2567697878638
4164	12.9837396266309
4167	12.8742626335687
4191	10.8192379312314
4194	12.5457407980829
4214	11.2048417398337
4216	13.3067675899997
4226	14.478429180534
4227	12.3467248121966
4229	11.7655800849175
4230	14.3310371932627
4237	13.1193012431949
4238	13.0652453839442
4249	13.7925177414263
4259	11.0394005806686
4263	12.0037738816878
4274	14.6629989623684
4302	15.7384856078529
4304	13.5230661899974
4310	10.1020973486786
4323	10.5811326431211
4341	12.1502739812829
4344	10.0740359129483
4346	11.5959335918653
4347	13.6532739515694
4358	8.52953737226439
4373	12.7082789494503
4377	12.5457407980829
4389	14.1471390329176
4392	15.0488706128827
4398	13.4968739008535
4401	14.0063679784962
4406	11.5470053837925
4407	11.3740992815113
4411	12.1851719200204
4423	11.7715936708378
4433	14.6436801147665
4441	10.2826302119853
4450	11.9742587795312
4451	13.1570082019664
4464	11.2489678696152
4465	12.6804037701302
4476	9.16159867623097
4482	19.3123101158279
4497	14.142135623731
4508	13.3333333333333
4512	10.9039426827971
4523	14.0063679784962
4535	14.0416930484169
4551	10.6809882624153
4553	11.4361515656578
4562	15.7294896164875
4565	11.3740992815113
4568	12.7749312192852
4595	13.1731352865108
4596	13.2801487043917
4597	11.4299614966978
4603	10.5677472707252
4616	13.4601190700018
4629	9.83947593239619
4634	14.2815685016618
4638	12.3753516181004
4642	13.2854767482187
4658	12.1094326086455
4667	11.7535436827028
4671	12.7749312192852
4682	13.9202053169165
4694	11.2426747402445
4695	11.0137275213099
4698	15.1051984602556
4699	13.2854767482187
4703	11.4670517883284
4705	11.0201513932596
4714	11.8136030603802
4720	11.6264091597733
4733	11.147851499926
4735	12.6636492103748
4739	12.2257602805456
4747	11.6264091597733
4757	16.8083152676673
4760	10.7074591537237
4767	11.7052743055251
4772	14.7159950242632
4773	12.3581834919827
4792	11.915009238442
4793	15.7384856078529
4798	10.0388488130792
4800	12.674821377709
4834	11.2300779018459
4840	13.386306658104
4846	9.39048320404113
4860	14.6049657572345
4862	13.9405267953517
4874	11.5224633679836
4876	11.1287898989196
4877	15.0300477529672
4883	11.9268826935441
4884	12.4835348034505
4890	15.1519783754706
4899	11.7233986120789
4919	11.21746691763
4924	16.1337298823017
4926	11.8435185376532
4932	15.846039152717
4936	13.4968739008535
4949	14.4098338679497
4956	9.38294367395843
4986	11.8076108697535
4988	10.4938225349106
4990	9.20783075455502
4998	12.2431141008925
4999	13.4021578260706
5016	10.2895105273835
5023	12.7860061509007
5052	13.4916293411448
5056	12.2083817923286
5065	11.3491833714531
5076	11.3179613497908
5085	9.52517430318288
5104	12.1967823770803
5106	12.4948680194056
5112	13.2854767482187
5113	11.8375414903193
5116	11.4423382859186
5119	12.7138466513382
5122	15.9173377766721
5125	11.14150125646
5126	11.3304604826442
5129	11.0137275213099
5130	14.2666944460709
5138	12.4494732534653
5155	12.0390964903061
5156	10.6011790127999
5157	10.2550627891605
5163	10.3169859048049
5165	13.4916293411448
5171	12.2025834629622
5172	11.9268826935441
5175	12.0390964903061
5185	12.674821377709
5187	13.3333333333333
5193	11.8255783326494
5196	15.7789040994269
5198	11.6992266304609
5199	9.52517430318288
5209	11.6020351095681
5219	16.9800682455072
5222	18.7394697960693
5231	11.5531327418166
5257	12.2373322285035
5258	14.5710063157312
5275	14.2020601956345
5289	12.8246930960466
5291	12.2141773691053
5308	12.277748156225
5313	10.5073020812957
5325	13.097705670952
5342	11.5531327418166
5343	12.340991482511
5353	17.0008950266035
5363	10.1927634849096
5373	12.5175036684305
5374	16.1906546048083
5401	13.2267502223236
5418	14.0215181916635
5428	12.5231561878735
5438	14.5661485038557
5442	14.711185089497
5451	11.801615636633
5456	11.1668805632776
5459	14.7783817169292
5489	20.4963186931627
5506	11.3491833714531
5510	11.1605411471759
5514	12.0508476853832
5515	13.6377146599603
5517	15.5165824591046
5531	11.9919765580694
5537	14.3359746739236
5545	12.6971362213547
5551	12.1269528964795
5575	12.3295168250019
5577	11.0714081879397
5579	10.0740359129483
5581	15.4250923782047
5583	12.9017189723546
5584	15.7744182701679
5591	16.8251488375023
5614	14.9308384327784
5617	13.4601190700018
5618	11.6810648187902
5644	10.2826302119853
5646	9.71643240805332
5657	10.9233966548794
5668	11.650732218074
5675	12.6524671779863
5685	10.4261633992172
5694	10.5610482226537
5702	12.068453023748
5712	10.2757452897457
5719	13.4548601836632
5721	12.4210172773907
5731	12.674821377709
5734	12.460837448669
5753	7.37241084134546
5768	14.0568051888068
5773	13.359846251409
5774	10.3853563408755
5775	12.5795416877124
5783	10.5140353739325
5797	11.5776097454027
5804	14.6871117873436
5825	12.8246930960466
5833	11.5101727368933
5834	11.2426747402445
5861	10.4193733213891
5867	12.7749312192852
5872	12.1619177539418
5880	13.2481354427914
5888	12.8412375360746
5903	14.2319278631054
5923	11.2991867258335
5929	12.5061909651088
5951	11.2678261693079
5955	12.6188616281267
5957	10.0247393910494
5975	11.1795486110984
5983	12.9400599750746
5985	13.8590620990269
6000	11.9683470246512
6007	14.5126052538011
6011	12.8907434544408
6012	11.5163196920641
6022	15.6528149452823
6032	19.9610377740306
6044	12.6356755751291
6053	10.4803256514668
6055	9.33757865233082
6056	13.4758834155217
6060	12.6300734132155
6063	12.0860327170051
6073	11.6871218919579
6075	14.0517696145134
6084	14.3260980109022
6085	12.4835348034505
6087	11.3179613497908
6090	10.7536264230062
6100	13.2801487043917
6124	12.8357250921477
6139	10.3238433239102
6142	12.0860327170051
6144	14.7159950242632
6146	10.9944333852888
6153	15.231174497545
6179	12.6580594289458
6183	13.9151203102383
6189	14.9545193967992
6196	11.6689412402057
6222	11.6264091597733
6224	13.3067675899997
6249	13.848845317617
6250	14.821418674391
6255	9.93253961690214
6259	13.0544073518973
6268	13.2160446356061
6291	13.5282985624857
6292	11.6992266304609
6309	11.2048417398337
6316	10.9169158494113
6334	12.9564571009452
6335	13.2748185220761
6339	11.1541981281087
6344	14.9308384327784
6350	11.8076108697535
6351	11.7836116358574
6362	11.5347409030255
6363	12.5344535796052
6372	15.6708897953518
6392	12.4835348034505
6400	7.91855212769413
6418	11.3740992815113
6428	12.1327873701856
6433	10.3169859048049
6458	11.0714081879397
6463	11.8614316084459
6465	11.4670517883284
6481	13.1785065957193
6488	11.741494941778
6501	16.3515864903127
6507	13.5021164234443
6509	11.7896160243417
6513	11.9268826935441
6530	12.4892026969563
6533	17.8298952973036
6534	11.3117066041626
6535	12.4437872640143
6538	11.614228528708
6563	8.81515776202711
6570	13.1031079007841
6572	12.4551566471662
6581	13.097705670952
6597	13.146245821268
6611	11.0777986116683
6615	13.4811341008624
6638	12.5626526109253
6646	10.6078527175924
6658	12.3524554807865
6659	14.0316092460044
6660	10.9944333852888
6669	15.0394621276786
6676	10.3512275718126
6682	12.4665156615172
6684	11.8971768374708
6695	9.39801668556088
6712	14.0769294728244
6724	10.1649523458056
6754	11.6750046031715
6759	13.6221375964417
6764	9.65065662998899
6773	11.0969478024719
6800	13.6325242831177
6802	9.82508020276678
6811	13.4863827419415
6812	15.5757628329183
6817	13.0544073518973
6823	14.0467322350311
6831	12.2083817923286
6834	12.8246930960466
6842	10.9879944779223
6845	10.1020973486786
6858	10.7470432412303
6861	12.2025834629622
6875	13.7822516307806
6881	11.9387443401292
6882	12.5795416877124
6901	15.263665231247
6902	12.0273338138383
6914	13.5700849123861
6915	10.3101239247276
6917	11.5898288619914
6921	14.9639812891706
6922	11.9505942133591
6923	14.725610180483
6926	12.4096166166338
6929	17.0008950266035
6938	12.5400984587833
6942	7.74688029349042
6945	10.8257772113276
6963	11.1096955927779
6967	10.473570687406
6976	12.5851663433423
6987	16.2560892831804
6989	11.4670517883284
6991	13.6791667757986
6993	11.6081334201651
7005	12.3696315569591
7014	10.234338491545
7035	12.4324074836148
7038	19.9397535620695
7086	12.2892711509304
7088	13.359846251409
7101	10.8453713942587
7116	14.0568051888068
7125	15.2358202730068
7139	9.98937864809153
7144	14.2368997157857
7155	12.9946365984412
7166	9.88969596808305
7168	11.9683470246512
7171	11.5714953484907
7179	12.1094326086455
7185	13.507356911289
7193	11.5470053837925
7197	10.8257772113276
7214	11.5347409030255
7230	14.4588637267571
7240	12.4778643353844
7243	12.0977383204433
7249	10.4532796046975
7284	11.8614316084459
7302	11.6628747249841
7305	11.6871218919579
7317	10.8974503078941
7319	10.6478071065522
7327	10.4193733213891
7340	14.1621386544126
7352	12.4437872640143
7355	10.8388439357112
7368	14.0467322350311
7390	10.6677281849722
7402	12.7749312192852
7420	11.3740992815113
7422	14.4490710647961
7427	12.0977383204433
7428	10.2204989470238
7429	14.7831697882412
7441	10.4397303059313
7463	12.1035868768983
7479	11.8614316084459
7482	10.6011790127999
7485	15.7024707194433
7490	12.702708807193
7503	10.8518949265143
7507	13.1031079007841
7509	16.0325217957415
7514	12.9782877096881
7543	14.0970250283413
7555	12.0390964903061
7556	13.0868945212179
7574	13.1946074039179
7577	13.1785065957193
7587	16.0457590528162
7602	9.61392008009429
7608	11.6871218919579
7625	10.1788674137107
7631	12.2141773691053
7633	11.8375414903193
7644	10.0670083321049
7658	14.9403153226141
7666	11.7052743055251
7678	12.2199701972086
7690	11.6628747249841
7694	11.650732218074
7695	10.2066406369927
7699	12.6188616281267
7702	12.9345896472144
7703	10.5610482226537
7707	11.6810648187902
7711	13.6688155319585
7716	11.614228528708
7718	11.4237680735952
7721	10.2895105273835
7743	13.4916293411448
7746	11.614228528708
7757	12.2373322285035
7761	13.5909299091776
7777	12.8246930960466
7785	12.2546696618423
7789	13.1516281125155
7806	10.116098876325
7815	14.0568051888068
7817	11.75956342378
7820	11.656805052585
7822	13.4968739008535
7827	9.70185410665739
7829	11.3989607303685
7849	16.0015922774583
7855	9.76728511190204
7879	11.1605411471759
7899	14.1120779157354
7907	11.147851499926
7929	11.9624323482214
7945	13.1677617862723
7964	11.5653777190129
7966	11.2741052593296
7974	13.9810811407965
7994	9.55484781526235
8002	14.5564280166177
8017	10.5945011040977
8020	13.1516281125155
8021	12.3237754897313
8022	14.3606366131481
8037	10.5945011040977
8051	13.5387572409419
8065	8.34500244562036
8078	11.1351473915255
8083	16.4422255154502
8085	10.9815517951767
8093	12.7194119160614
8094	8.39573241103015
8104	11.1732163825467
8119	11.5653777190129
8124	13.4074373842135
8134	12.9400599750746
8141	11.7956173563793
8145	14.2914759385118
8148	15.3653317002603
8149	10.4193733213891
8155	10.7667807110102
8156	9.85385063097711
8166	12.8632636886872
8181	14.142135623731
8187	10.4600476724863
8216	11.0072999003823
8223	12.3237754897313
8230	12.0743157654218
8234	11.5837209148678
8235	9.59918609430175
8237	8.51292676765464
8241	12.8412375360746
8274	16.3039078066105
8275	12.3065354129908
8311	10.9039426827971
8316	20.0282885572786
8325	12.2950285984943
8329	13.9810811407965
8332	11.614228528708
8338	12.460837448669
8342	10.9233966548794
8350	12.7583007962409
8355	11.1224287724217
8369	10.3648925646558
8371	19.0392004447129
8372	10.234338491545
8376	11.8375414903193
8385	12.8357250921477
8390	15.553027799879
8411	10.8844539403508
8413	8.13892119488575
8414	7.84672704160103
8420	12.5005307742938
8443	14.0164699401257
8445	13.0164031741628
8446	11.0458095220391
8455	13.5387572409419
8470	12.5570178707401
8472	11.4855520183539
8474	10.7733518319826
8485	13.8947616741562
8497	11.644656216504
8511	11.6810648187902
8519	11.5408747725912
8527	12.2950285984943
8530	12.0390964903061
8531	13.0760744329512
8542	9.02148100943964
8548	12.7416486671566
8550	13.0164031741628
8557	13.874373164752
8559	10.1020973486786
8562	12.2604433581164
8573	10.4938225349106
8578	10.2757452897457
8583	10.2688557513984
8590	10.7536264230062
8596	14.0668709295802
8602	10.6011790127999
8622	10.69423189833
8646	11.3865367912759
8687	10.5140353739325
8688	11.5837209148678
8697	11.0650140735236
8700	11.7354659324245
8702	15.7968346780524
8708	11.9624323482214
8715	11.4670517883284
8716	11.0777986116683
8718	10.2963862451754
8721	11.5714953484907
8736	10.9039426827971
8752	11.7294338241193
8758	15.0629723220017
8761	10.4329490578589
8764	12.5288061571155
8773	8.89507923160032
8775	12.8026005850755
8794	15.4434337549315
8796	12.6300734132155
8799	12.6244687653188
8800	10.6345056558798
8812	12.5344535796052
8822	12.0977383204433
8823	10.3921686448819
8824	13.8130270728167
8839	11.7776041862516
8850	10.3580623216968
8851	11.5040224972146
8874	11.3989607303685
8899	10.5140353739325
8912	10.3169859048049
8913	10.8061474994187
8925	12.5005307742938
8926	12.5288061571155
8927	13.1838757165759
8942	12.2835110047733
8960	12.7860061509007
8971	12.9509936990152
8999	9.82508020276678
9004	10.1300810514521
9008	13.1731352865108
9012	10.8453713942587
9013	14.4000078634877
9018	9.42809041582063
9025	11.6203204402356
9035	10.3921686448819
9051	11.1033235271016
9054	12.1967823770803
9073	12.4892026969563
9074	11.0458095220391
9076	10.6677281849722
9085	11.8315614235117
9088	13.386306658104
9089	13.3704366979801
9094	11.6689412402057
9100	10.7930411907761
9104	12.7416486671566
9117	11.6081334201651
9119	11.0394005806686
9141	10.9363467443765
9170	15.7564621820826
9179	11.7233986120789
9196	12.2835110047733
9205	10.6478071065522
9227	12.6804037701302
9230	9.86820439041531
9233	11.3242126407119
9240	10.5945011040977
9242	19.1429974779713
9253	13.1354746225556
9254	12.0977383204433
9258	14.1521406731775
9259	12.7082789494503
9260	15.5393708139584
9261	13.4548601836632
9263	15.2451075766873
9265	11.8614316084459
9290	12.9236420450437
9292	10.9879944779223
9305	10.7074591537237
9306	13.8232703275227
9307	12.9181647648464
9311	11.33670488129
9314	9.86103012237109
9317	11.0714081879397
9318	15.1145660260926
9319	10.6345056558798
9332	11.2803808541709
9333	11.9801676171864
9345	12.3524554807865
9347	10.6544516046133
9348	14.3260980109022
9359	11.4423382859186
9360	11.5592568518369
9370	13.2374471510613
9371	10.405779873564
9380	14.1321234910609
9394	13.1570082019664
9400	12.7305351467976
9407	11.4113711431137
9408	11.650732218074
9411	11.3678754237093
9416	10.6610919615088
9429	10.7272694558666
9433	13.2694861986949
9436	12.4039123567982
9437	11.33670488129
9447	12.3352554880191
9464	16.9090653123745
9467	10.2757452897457
9472	13.0544073518973
9512	12.8632636886872
9514	17.3633579579346
9515	11.5101727368933
9517	11.5347409030255
9520	9.96810199209663
9522	11.1033235271016
9524	12.0037738816878
9548	11.2615435782596
9562	13.8998541286699
9570	10.4465071520237
9579	14.7159950242632
9583	11.5653777190129
9597	10.3921686448819
9598	13.1031079007841
9608	12.8632636886872
9610	14.5126052538011
9617	11.4608784087218
9629	12.9891892552556
9651	14.4049217035432
9659	13.0272728238016
9669	11.5163196920641
9674	12.5570178707401
9675	16.3948104263879
9696	12.5061909651088
9701	11.5837209148678
9704	13.3968761873133
9718	13.8794730999233
9719	10.779918947394
9737	10.4125788157292
9739	14.478429180534
9749	11.3927504543803
9774	13.0218391331278
9776	12.4096166166338
9777	10.4668113638963
9780	13.0706610299318
9816	10.234338491545
9822	11.6324946923333
9838	9.32999637040456
9842	9.85385063097711
9848	12.1386190395298
9849	10.7140666576872
9850	10.2412512505172
9854	11.6750046031715
9862	12.1502739812829
9867	13.6325242831177
9870	12.4551566471662
9880	9.06842745485084
9888	10.8453713942587
9896	10.2895105273835
9908	10.9686550769338
9917	12.0918869351818
9924	10.5274890395434
9947	13.3014480744604
9963	18.8561808316413
9968	12.5005307742938
9979	11.8494925700823
9985	11.5040224972146
9987	15.1332837620895
9988	11.8315614235117
9989	9.39048320404113
9993	14.3655639204172
9995	14.7015604989414
10002	12.1560972617425
10003	13.0327042490215
10008	16.4508317581308
10009	12.8026005850755
10014	11.0137275213099
10016	10.0247393910494
10018	11.5837209148678
10020	15.4113220207107
10021	13.9760182830745
10035	12.9345896472144
10039	12.021448159552
10041	13.2694861986949
10056	13.1731352865108
10057	14.1721295823956
10075	12.6244687653188
10090	9.88969596808305
10097	15.3883440415963
10101	13.2801487043917
10102	10.69423189833
10111	11.4732218462343
10123	11.7535436827028
10127	11.997876669894
10157	16.9216168904822
10166	11.0969478024719
10168	11.4423382859186
10169	10.378539565385
10170	10.2412512505172
10174	12.1035868768983
10178	10.7667807110102
10183	10.7930411907761
10189	13.0055244399814
10197	10.1091005365899
10199	7.71942522676164
10209	11.9919765580694
10211	11.4670517883284
10222	10.0458960928612
10227	15.5803058584875
10239	10.9233966548794
10247	13.0109649440637
10248	11.5592568518369
10252	12.846747614653
10256	11.1795486110984
10274	11.0008685239055
10282	12.7138466513382
10285	12.9400599750746
10291	10.2688557513984
10292	10.5073020812957
10293	12.3924959601255
10308	18.1719396698836
10315	14.7400211545863
10325	13.6221375964417
10333	18.3000083146718
10334	14.5710063157312
10346	11.8255783326494
10351	11.6992266304609
10357	15.0676699588919
10366	11.5286037698946
10383	16.929979439493
10384	10.8323125437739
10388	14.8690914210857
10395	13.1785065957193
10398	11.7475208569511
10415	13.5335289120191
10424	9.96810199209663
10427	13.5282985624857
10432	11.2552574803217
10433	10.0599758420171
10434	12.8632636886872
10451	14.0769294728244
10455	11.8554635921645
10457	17.6824229701371
10460	12.4892026969563
10461	12.4551566471662
10466	12.6188616281267
10474	11.6203204402356
10483	13.8845711618399
10487	11.6628747249841
10490	8.37885654992481
10498	13.1516281125155
10514	11.5286037698946
10518	9.98937864809153
10519	10.3989764861917
10521	11.0905684125785
10532	10.6211875471407
10533	10.8388439357112
10539	11.4793885877956
10544	13.7308059431023
10548	19.2572630391595
10550	11.9387443401292
10552	12.6132519983193
10563	13.7256507689228
10564	12.3180314784709
10566	13.0544073518973
10567	13.39159246548
10573	13.0598274921981
10576	12.1094326086455
10578	11.6264091597733
10581	16.1337298823017
10583	10.1091005365899
10588	12.3467248121966
10590	11.6203204402356
10597	12.669236525542
10599	15.7114821811432
10618	10.0458960928612
10623	10.8714420361888
10631	13.2213985125264
10637	15.3330563992346
10640	13.9354492039265
10671	9.32999637040456
10674	13.0760744329512
10680	12.2199701972086
10682	11.0394005806686
10688	9.82508020276678
10703	13.2801487043917
10718	11.8912267611609
10719	11.4917121432367
10720	12.6076398725695
10721	17.0880903221025
10723	15.9128909717867
10735	13.3386401328801
10750	9.75278282459828
10759	12.5739145160206
10770	12.1327873701856
10772	11.2300779018459
10795	11.9446707462227
10801	10.1091005365899
10811	11.9860735419312
10814	11.3179613497908
10821	14.5174809822281
10823	9.43559387137826
10825	10.9622010280802
10826	15.4754788572074
10833	9.97519925322511
10837	11.7715936708378
10838	12.1386190395298
10839	12.179362540944
10843	13.1139056841581
10859	16.8503676608054
10862	13.0381334116186
10867	16.8461671453068
10874	12.4437872640143
10875	10.6743602827126
10878	10.5476373623581
10884	13.9506764339699
10895	11.0586162620182
10901	11.3117066041626
10902	13.0055244399814
10920	15.9794631114597
10928	8.98217153700428
10931	10.7536264230062
10933	12.5682848248872
10937	12.0508476853832
10940	11.6203204402356
10941	13.5439835515944
10947	13.1085079042693
10949	9.50285836240388
10953	10.003537944565
10955	10.123092377939
10962	17.0216963252521
10963	15.0535726503706
10964	10.7733518319826
10969	10.4870762645026
10973	16.3515864903127
10977	10.4532796046975
10978	11.650732218074
10981	11.5286037698946
10982	11.5286037698946
10999	11.5653777190129
11002	9.32240792151149
11006	11.0841853510929
11010	11.8494925700823
11014	11.3491833714531
11018	13.6946789714188
11041	12.0332165893496
11046	12.8962323810061
11060	10.554344922567
11063	11.5286037698946
11075	12.1967823770803
11079	11.9209474442622
11081	13.1785065957193
11086	11.0394005806686
11094	11.6203204402356
11096	16.1205648618455
11103	13.3280244207863
11114	11.6931758275578
11116	14.7208033874121
11126	11.6992266304609
11131	13.1139056841581
11135	10.5207643572606
11136	14.0467322350311
11140	12.1851719200204
11152	12.4437872640143
11154	15.7699311648943
11162	12.4665156615172
11170	9.78176589837374
11190	12.8577606879269
11193	13.7514073139422
11195	12.6915611887165
11196	11.8375414903193
11197	12.2373322285035
11200	16.4508317581308
11201	19.7328226249401
11209	9.59918609430175
11214	12.2083817923286
11218	10.2895105273835
11223	13.2160446356061
11230	11.4855520183539
11253	13.199969975732
11258	10.003537944565
11260	13.4074373842135
11276	15.3238223987589
11279	9.84666590480787
11284	12.7194119160614
11287	8.57917622415271
11292	10.1927634849096
11295	12.8357250921477
11301	11.2300779018459
11303	10.7008475697937
11305	10.8844539403508
11310	12.5851663433423
11313	12.4494732534653
11338	12.0918869351818
11353	16.7492645421663
11371	12.3065354129908
11387	13.2427923752448
11394	12.8302102798234
11408	10.8388439357112
11409	10.7995963333122
11411	12.1152755197737
11412	18.2108434602274
11415	13.4021578260706
11420	9.98937864809153
11433	11.4423382859186
11440	13.2106885889279
11477	11.3179613497908
11486	9.53260134080502
11499	11.8852737060889
11509	12.0037738816878
11510	13.4232635995019
11513	13.3120849798583
11534	12.6859837060527
11541	12.4324074836148
11545	10.4329490578589
11547	14.4196531766653
11551	13.5021164234443
11584	12.674821377709
11586	20.3090070626257
11590	11.4608784087218
11603	13.5335289120191
11615	10.0950893025014
11636	10.8388439357112
11644	11.9683470246512
11648	11.5470053837925
11651	11.8852737060889
11652	11.1732163825467
11654	11.0586162620182
11661	17.2857422767445
11664	13.7719778674216
11669	13.6636369693434
11670	10.5811326431211
11674	13.507356911289
11681	11.6931758275578
11689	13.3120849798583
11692	12.2488932440517
11702	10.9039426827971
11725	10.2481593465814
11726	17.0715160307902
11727	12.8907434544408
11728	12.0508476853832
11729	10.3853563408755
11745	9.67263158814893
11749	11.909068071661
11755	13.7565528360358
11759	11.2552574803217
11763	12.763846678179
11765	11.7956173563793
11772	11.9446707462227
11773	9.5474380833877
11775	7.81962254941289
11776	12.4665156615172
11777	11.9446707462227
11781	11.8435185376532
11787	10.5811326431211
11793	12.179362540944
11800	10.1300810514521
11801	12.8357250921477
11804	9.70185410665739
11816	13.7565528360358
11826	12.2141773691053
11827	10.6478071065522
11838	12.6971362213547
11846	15.828164314368
11847	11.7956173563793
11853	11.8733586417342
11854	13.7256507689228
11864	10.6211875471407
11881	13.5021164234443
11900	10.0950893025014
11911	15.5393708139584
11913	17.1253238277894
11919	9.69455673510464
11923	12.0567189878925
11926	17.5458150659057
11932	12.0977383204433
11943	13.6117429840189
11944	11.2237741809441
11956	10.9169158494113
11970	11.909068071661
11974	16.0854054636914
11975	12.7249747468177
11981	16.8587655520124
11994	13.199969975732
11999	13.5596503972619
12004	18.8449178057494
12011	10.8257772113276
12014	13.9405267953517
12015	14.3852562722532
12023	12.2373322285035
12024	10.2688557513984
12029	12.0273338138383
12062	14.5855700438202
12068	12.3581834919827
12072	11.5040224972146
12079	11.2300779018459
12090	15.1051984602556
12092	12.669236525542
12099	9.0136328296075
12106	14.0920038260348
12117	13.0598274921981
12123	15.5712184818856
12126	10.2688557513984
12134	10.7074591537237
12137	13.7616964342099
12140	11.5837209148678
12164	12.6524671779863
12182	10.8257772113276
12192	11.8494925700823
12193	11.5837209148678
12203	11.7715936708378
12204	14.1020444427886
12210	17.0549256322834
12227	12.769390151482
12229	14.6485122152494
12234	13.904944718157
12240	11.8673966234614
12247	14.5028488794185
12249	12.3007833512543
12251	14.3013765118769
12268	10.9622010280802
12284	12.5288061571155
12293	10.8126946963232
12298	9.96099967413606
12299	10.3443883060697
12311	9.65798717159287
12324	10.8974503078941
12327	12.4665156615172
12330	18.3694876090133
12335	12.6468724542204
12336	10.6145222264044
12338	10.2826302119853
12341	11.9031239394856
12346	14.9260977314578
12360	10.8453713942587
12366	15.4021349426837
12375	10.5878189835313
12381	10.7602055771383
12382	10.5274890395434
12387	7.53383497944593
12394	13.4179902684795
12395	8.37040586038191
12411	11.355417474297
12419	14.478429180534
12422	13.3333333333333
12426	13.1731352865108
12430	5.5293081310091
12438	12.1560972617425
12440	14.5369675426536
12447	11.2991867258335
12449	15.1799771274841
12454	12.9782877096881
12469	14.821418674391
12476	12.0977383204433
12483	10.7536264230062
12485	11.4547017020437
12486	11.33670488129
12487	11.2300779018459
12490	10.6544516046133
12493	15.2172286611116
12498	13.0706610299318
12501	9.9039977773888
12503	10.0247393910494
12510	10.0176772278685
12512	13.8283891095266
12516	13.2160446356061
12519	11.6992266304609
12524	15.4937605869808
12534	11.8195922131403
12535	11.0394005806686
12537	6.49459462762778
12547	17.8060638382714
12551	11.6871218919579
12563	13.6273319293651
12565	11.1541981281087
12569	14.1571405463853
12573	11.4547017020437
12575	13.0055244399814
12579	7.18770673415722
12584	12.0155596222604
12585	11.7836116358574
12598	12.340991482511
12599	11.2991867258335
12604	9.76728511190204
12605	10.2481593465814
12608	10.0106100825601
12610	13.2748185220761
12612	12.0801756617947
12618	11.6081334201651
12627	11.2363780862977
12637	14.4637575714485
12643	15.5757628329183
12651	10.9879944779223
12657	11.4732218462343
12660	15.7744182701679
12670	10.9879944779223
12672	11.4051676247737
12677	11.1732163825467
12680	17.0756611118348
12689	11.1605411471759
12698	11.6324946923333
12711	10.123092377939
12722	17.9997640937596
12739	10.9686550769338
12742	11.9268826935441
12744	13.3968761873133
12754	10.5342094290179
12756	12.1619177539418
12763	10.5274890395434
12765	11.3927504543803
12767	11.7173602915072
12768	16.1644065660323
12771	10.9169158494113
12774	11.5776097454027
12789	17.1170567146706
12812	11.6628747249841
12824	10.1579876636958
12838	11.2426747402445
12845	11.2741052593296
12849	14.7352190625368
12854	12.6132519983193
12859	16.20376267977
12860	20.4859574226245
12864	13.0544073518973
12873	10.554344922567
12878	14.4098338679497
12879	17.3715078565096
12885	12.1735503895556
12891	11.2552574803217
12901	11.6264091597733
12907	12.0625874326245
12910	9.9039977773888
12923	11.1033235271016
12927	11.7956173563793
12929	9.53260134080502
12939	20.5927724903508
12943	14.3112702360018
12944	11.7475208569511
12954	16.3429279848127
12955	12.2083817923286
12958	11.3989607303685
12965	9.85385063097711
12967	11.8852737060889
12968	10.081058594814
12985	10.7864820645606
12989	11.9209474442622
12991	11.2929215816169
12997	10.69423189833
13000	13.7359591825193
13003	11.1224287724217
13012	17.7024234549494
13017	11.5898288619914
13021	14.7783817169292
13024	12.763846678179
13025	12.2546696618423
13026	9.47302199876582
13029	13.2213985125264
13030	12.179362540944
13036	9.65065662998899
13037	9.4130655609894
13042	13.6169412820827
13046	9.61392008009429
13057	16.0457590528162
13071	11.3616481565076
13079	11.0777986116683
13080	10.7864820645606
13083	12.6580594289458
13085	13.1677617862723
13086	12.3753516181004
13100	11.0777986116683
13103	11.14150125646
13112	9.37539808072033
13115	10.2619615876462
13117	13.4811341008624
13122	10.3306961911261
13125	16.9884020218349
13137	12.2141773691053
13138	12.0273338138383
13141	14.1371304437392
13149	10.3375445155051
13153	12.3180314784709
13157	13.199969975732
13160	11.2741052593296
13162	10.4600476724863
13171	10.1579876636958
13176	11.0394005806686
13177	13.3439448219476
13178	10.4397303059313
13199	11.4855520183539
13205	10.3648925646558
13216	10.3580623216968
13217	12.6524671779863
13218	10.13706490685
13224	14.6194956554629
13227	15.997168893192
13230	11.5286037698946
13237	15.4800513137578
13239	12.1269528964795
13256	11.1224287724217
13267	12.1560972617425
13271	10.554344922567
13276	10.7602055771383
13303	16.6092429012373
13322	9.65065662998899
13323	11.5592568518369
13325	16.9257986814494
13328	12.0918869351818
13331	10.554344922567
13333	11.4978689677573
13337	11.8852737060889
13341	12.068453023748
13342	8.7910396381384
13343	20.9167121323129
13348	12.8907434544408
13349	13.3280244207863
13351	17.2201103652328
13371	16.1950251419658
13378	11.3179613497908
13385	13.848845317617
13401	11.6750046031715
13403	12.5795416877124
13404	12.674821377709
13414	10.2895105273835
13418	10.7864820645606
13427	12.1735503895556
13430	16.4206901748194
13433	11.8195922131403
13448	10.9622010280802
13449	10.8584145395545
13450	12.0625874326245
13452	10.0880763879332
13454	11.355417474297
13466	11.0650140735236
13469	10.2481593465814
13478	11.7173602915072
13482	12.4039123567982
13492	10.6677281849722
13497	12.6915611887165
13501	11.3304604826442
13505	11.8494925700823
13509	11.3242126407119
13515	13.2427923752448
13519	13.2106885889279
13540	16.5580323695745
13548	10.7008475697937
13554	14.9023716033898
13558	10.3921686448819
13562	11.0841853510929
13575	10.7074591537237
13587	9.06061993945174
13601	11.2678261693079
13612	8.17362890541091
13613	15.4663298887121
13615	13.7411104893505
13619	11.4361515656578
13622	10.6544516046133
13633	9.88969596808305
13637	11.5224633679836
13648	10.5744420748625
13651	10.7733518319826
13653	15.3837443272381
13654	11.2615435782596
13658	12.3581834919827
13668	16.489504264369
13671	12.1327873701856
13677	11.21746691763
13681	9.62127861165772
13685	14.614653961124
13695	10.4668113638963
13696	12.3352554880191
13703	11.1605411471759
13709	15.6799194070462
13710	13.4021578260706
13712	11.5470053837925
13733	10.69423189833
13741	11.6203204402356
13746	14.5710063157312
13762	11.5776097454027
13771	10.1579876636958
13787	13.0109649440637
13792	12.674821377709
13793	12.5907884862823
13805	11.656805052585
13811	13.0381334116186
13813	10.7667807110102
13820	10.7404560244048
13822	13.0000816590609
13846	16.9717303769732
13862	14.3950923460673
13876	11.801615636633
13883	15.7519699618396
13884	11.5531327418166
13890	15.4983276498912
13893	6.65604248992916
13900	11.3491833714531
13901	11.7776041862516
13902	14.0668709295802
13905	10.7404560244048
13906	13.4758834155217
13912	13.0327042490215
13916	13.6325242831177
13918	19.083754016817
13922	10.4465071520237
13931	12.1735503895556
13933	9.40554413305167
13943	12.7194119160614
13946	12.3867838160285
13955	13.8437340993888
13966	11.8136030603802
13973	12.121115614362
13980	12.9126851613062
13981	11.2300779018459
13984	11.1605411471759
13988	13.2748185220761
13990	10.3921686448819
14005	11.8255783326494
14008	17.0133788577019
14018	11.7655800849175
14027	11.4113711431137
14039	19.2425572233154
14045	10.9879944779223
14047	14.7927412814993
14048	14.0819560501933
14051	11.8435185376532
14055	13.6013404276778
14061	13.2694861986949
14062	14.0063679784962
14065	12.8742626335687
14067	15.7609531219435
14073	14.4441722441553
14083	9.70914599352419
14086	13.8896673525645
14099	15.7789040994269
14101	12.8246930960466
14108	12.3007833512543
14113	13.3757287768328
14120	14.0970250283413
14121	12.8081272853481
14122	12.9564571009452
14123	6.08968127047202
14128	10.9233966548794
14131	15.7249896908865
14139	10.3580623216968
14143	13.4653759024889
14160	10.3717183095936
14162	9.78176589837374
14165	13.1570082019664
14181	15.997168893192
14183	9.9039977773888
14193	10.779918947394
14196	11.3242126407119
14197	11.6992266304609
14200	13.3651425236692
14206	13.8590620990269
14216	13.386306658104
14217	11.2929215816169
14220	11.8195922131403
14226	11.286652959662
14229	12.7860061509007
14235	11.650732218074
14241	15.5074577406094
14242	15.2404646322895
14247	12.846747614653
14261	14.0668709295802
14272	15.6347191994114
14277	16.181909989207
14279	14.4343696151034
14280	10.7140666576872
14284	10.2826302119853
14288	10.3101239247276
14291	12.1967823770803
14299	11.801615636633
14301	11.8076108697535
14310	13.5230661899974
14311	15.3330563992346
14314	13.8027762164342
14317	10.4193733213891
14322	11.1668805632776
14338	9.56225180538171
14347	14.7975247064526
14349	9.57704261361146
14350	14.251804867014
14354	12.3639088494787
14358	14.0215181916635
14361	11.7233986120789
14363	14.0769294728244
14368	11.8136030603802
14369	23.6182184049261
14372	12.3696315569591
14375	13.864167666376
14377	12.6020252475427
14386	11.5286037698946
14392	11.14150125646
14395	13.0706610299318
14400	10.6345056558798
14409	12.5682848248872
14418	11.997876669894
14427	12.340991482511
14433	11.6020351095681
14442	10.7272694558666
14455	7.5525992301278
14458	13.1516281125155
14463	18.9423082104506
14469	11.6385770429148
14471	10.3989764861917
14483	10.955743177135
14485	10.3921686448819
14489	8.774924061547
14510	13.3386401328801
14518	12.3524554807865
14521	12.5400984587833
14522	12.3753516181004
14532	11.9801676171864
14533	8.76685516415176
14536	11.650732218074
14551	12.1619177539418
14552	15.9661708897405
14554	9.56965006707287
14555	12.340991482511
14562	11.741494941778
14563	16.8797420010269
14564	12.8302102798234
14567	12.460837448669
14574	9.29199215390607
14581	11.5592568518369
14583	12.3065354129908
14593	12.2373322285035
14594	14.711185089497
14597	9.91827896401016
14602	11.4423382859186
14607	11.3927504543803
14614	10.2895105273835
14620	10.6876121317419
14624	14.9355776293532
14626	17.1872004252346
14627	11.915009238442
14629	10.4397303059313
14630	11.909068071661
14637	17.9170061193341
14641	11.2803808541709
14642	12.2719826014782
14643	10.4193733213891
14645	10.116098876325
14646	10.8518949265143
14650	11.0008685239055
14654	18.9572469416451
14655	10.2895105273835
14668	11.2111561059251
14674	14.5467010338966
14676	12.752752502525
14681	10.554344922567
14691	12.9455279913656
14697	15.2543892259957
14700	11.656805052585
14701	12.6132519983193
14703	10.2895105273835
14705	12.7915400209503
14713	17.2693576832268
14715	12.3696315569591
14722	14.2865230789146
14724	14.0568051888068
14726	11.3491833714531
14727	12.0449735209175
14731	9.98937864809153
14732	11.644656216504
14733	14.3557076146802
14737	11.6385770429148
14742	14.1170919780417
14743	17.2693576832268
14757	14.2468382159251
14759	11.801615636633
14770	11.8136030603802
14774	13.2694861986949
14776	14.3557076146802
14777	12.5626526109253
14790	9.55484781526235
14797	14.1920903381785
14799	13.689510192608
14804	9.60655591196648
14806	13.5857216583984
14811	10.5677472707252
14816	10.7008475697937
14826	10.3717183095936
14840	12.4039123567982
14851	12.4437872640143
14852	11.9328149906996
14861	9.08402235451325
14863	15.6754052513727
14878	10.116098876325
14884	5.46493680879597
14889	9.34515478230116
14900	11.0969478024719
14903	11.7173602915072
14910	12.5400984587833
14911	10.779918947394
14914	12.7749312192852
14928	11.2237741809441
14931	13.0435603144183
14948	16.4766235143775
14951	9.67994548831545
14957	11.052214747003
14959	12.4665156615172
14962	12.340991482511
14965	11.3803197355073
14966	12.2719826014782
14970	16.6432957158706
14978	10.4465071520237
14983	12.2431141008925
14985	12.1909785307478
14986	10.7470432412303
14987	11.2489678696152
14988	10.6078527175924
14998	14.4637575714485
15007	11.0650140735236
15008	11.7836116358574
15010	12.2604433581164
15021	11.147851499926
15022	11.1605411471759
15032	13.689510192608
15034	9.2691148303463
15050	11.6324946923333
15055	12.021448159552
15065	9.76003666184104
15068	15.5757628329183
15082	9.97519925322511
15084	12.4039123567982
15097	13.1246945841188
15105	12.9946365984412
15108	10.2826302119853
15113	12.6244687653188
15119	10.7667807110102
15123	14.5515653380064
15125	10.8844539403508
15129	12.9728335015424
15131	13.4338040515379
15134	11.7836116358574
15137	9.19244589710079
15159	13.8079025958929
15160	10.5073020812957
15170	11.8852737060889
15171	10.7995963333122
15188	12.277748156225
15189	8.98217153700428
15192	10.7338647651007
15193	12.3696315569591
15205	10.5476373623581
15207	13.0055244399814
15211	11.7233986120789
15213	13.8079025958929
15216	12.9946365984412
15217	11.9387443401292
15218	10.9492815173708
15226	12.7804698847174
15229	10.3717183095936
15234	12.6300734132155
15237	15.2218786928966
15241	14.1020444427886
15244	12.6244687653188
15248	12.2950285984943
15249	12.0977383204433
15256	10.6677281849722
15259	13.146245821268
15260	12.6244687653188
15263	11.1287898989196
15269	9.83947593239619
15270	10.0388488130792
15273	10.0950893025014
15286	10.8844539403508
15287	10.1719122592166
15288	10.9104311943399
15291	12.6356755751291
15292	13.7462598657686
15313	16.4379207044023
15320	9.98229146830751
15325	11.6992266304609
15351	11.8673966234614
15352	16.4766235143775
15367	13.2854767482187
15371	16.3125870235183
15383	15.2404646322895
15389	11.1985238133434
15403	16.4163797166339
15408	12.3122847874754
15419	9.99646080328678
15433	11.2426747402445
15434	15.0394621276786
15442	11.4361515656578
15447	11.8375414903193
15450	12.8907434544408
15462	11.7535436827028
15472	16.8167341588877
15486	11.9742587795312
15494	16.9800682455072
15495	12.2199701972086
15512	12.2950285984943
15518	14.682292390401
15528	13.7256507689228
15530	13.0544073518973
15532	11.0714081879397
15538	13.7719778674216
15553	15.7114821811432
15559	10.3580623216968
15560	12.266214336717
15563	9.87537344649376
15564	13.1246945841188
15566	11.5714953484907
15570	15.5393708139584
15575	13.359846251409
15578	12.5907884862823
15604	13.3545478787036
15620	13.2908026561288
15622	10.5342094290179
15624	18.5191318605671
15629	12.6076398725695
15634	15.7609531219435
15642	13.322713392713
15647	11.0137275213099
15649	11.8733586417342
15654	10.7008475697937
15667	14.2815685016618
15670	14.8500406875469
15671	12.1677354618822
15672	14.9734372024613
15674	12.0096681977227
15680	14.0970250283413
15689	19.9397535620695
15691	14.1521406731775
15717	12.3180314784709
15728	11.9683470246512
15738	14.0114198697258
15746	12.8412375360746
15747	10.9751053304033
15748	14.2567697878638
15749	15.9528675927023
15756	17.5054333896634
15774	10.473570687406
15777	12.0155596222604
15785	16.472327692765
15792	14.7640081861655
15793	12.3581834919827
15794	9.93253961690214
15837	11.4547017020437
15840	9.84666590480787
15858	12.8357250921477
15859	11.3429458423359
15874	16.4077554030801
15914	10.6876121317419
15915	16.9967317119759
15916	12.0918869351818
15937	15.7114821811432
15938	11.909068071661
15944	10.1440439540842
15947	14.9828871479917
15954	16.1556477430831
15957	14.8595691073194
15964	15.7923539419878
15969	14.6581716374763
15977	11.8195922131403
15980	12.0508476853832
15986	10.8649302404347
15990	11.909068071661
15991	11.33670488129
16005	15.8772716971889
16007	12.4096166166338
16020	20.9572746373776
16023	13.322713392713
16029	15.2543892259957
16038	10.9815517951767
16053	11.2991867258335
16055	13.2588151184014
16075	11.0329879164153
16077	13.8692713542597
16082	11.614228528708
16093	14.0416930484169
16098	11.0201513932596
16099	13.0868945212179
16118	13.5544301274256
16127	13.8386209933605
16138	9.47302199876582
16149	13.2534763563092
16157	12.7804698847174
16165	12.0625874326245
16169	14.9923311370467
16171	10.8192379312314
16175	11.1985238133434
16177	10.0670083321049
16180	9.95389228851893
16187	14.3557076146802
16196	11.4978689677573
16202	12.5061909651088
16212	10.2135721424687
16221	10.6809882624153
16223	12.4665156615172
16228	17.5256358584633
16231	10.7008475697937
16237	9.53260134080502
16239	14.0416930484169
16240	14.316214534037
16242	12.0155596222604
16243	15.1332837620895
16245	18.3579259876378
16252	14.1471390329176
16259	12.6971362213547
16262	17.4040692868763
16270	12.7749312192852
16277	12.5964081198967
16282	12.7970714979746
16293	8.39573241103015
16298	11.3927504543803
16303	14.3260980109022
16310	10.6876121317419
16311	14.9023716033898
16312	13.3545478787036
16314	9.48795190873696
16315	10.5677472707252
16316	14.4147443584204
16317	17.0798051869139
16331	18.3694876090133
16334	11.0329879164153
16347	10.7930411907761
16349	10.3921686448819
16357	12.3810690365704
16360	10.4465071520237
16375	18.5114872237665
16397	10.8388439357112
16399	11.0201513932596
16404	11.1858772550307
16414	11.8136030603802
16415	11.9624323482214
16427	15.0159151238401
16436	10.3580623216968
16450	14.8405061500069
16451	14.2468382159251
16467	11.1541981281087
16475	9.09180977330688
16482	12.1560972617425
16486	10.1579876636958
16487	10.9944333852888
16494	8.94268927318061
16502	10.3580623216968
16507	10.4125788157292
16525	12.1502739812829
16526	10.6411584595683
16539	15.3561171077072
16546	18.2302642223424
16547	11.9446707462227
16548	13.8130270728167
16552	10.8126946963232
16568	11.1287898989196
16574	11.4670517883284
16575	10.3717183095936
16576	14.2666944460709
16579	17.6303155240542
16594	13.9557484851951
16597	10.2274210602095
16601	10.1649523458056
16604	13.3014480744604
16618	11.7535436827028
16634	15.9262276616303
16637	9.93966227082352
16641	12.6636492103748
16642	15.4937605869808
16646	12.9455279913656
16654	13.7822516307806
16659	11.7233986120789
16660	17.6503750544066
16671	18.354070495421
16680	14.1271147638113
16686	11.7052743055251
16687	14.9355776293532
16690	11.3803197355073
16713	13.2320997676272
16714	15.8817284752969
16715	14.350776923271
16717	11.4237680735952
16724	12.7860061509007
16745	12.4494732534653
16766	11.2678261693079
16769	13.3757287768328
16774	11.2741052593296
16775	10.3375445155051
16779	9.26147649791564
16791	10.9104311943399
16804	11.4793885877956
16809	12.7194119160614
16816	12.7416486671566
16833	10.8844539403508
16834	14.5174809822281
16888	12.4039123567982
16894	12.5457407980829
16900	16.5665784513665
16901	15.553027799879
16908	12.4153182556282
16910	11.9919765580694
16917	15.8549690148813
16929	13.7514073139422
16932	12.5626526109253
16940	11.9919765580694
16942	14.5952711224077
16962	11.9683470246512
16970	16.0633917603924
16976	11.7173602915072
16981	11.7956173563793
16987	11.0777986116683
16996	11.8733586417342
17007	13.1408613255183
17019	18.0547253334086
17026	10.4870762645026
17041	11.8733586417342
17059	13.549207846312
17062	15.263665231247
17063	9.96810199209663
17064	11.3179613497908
17070	10.779918947394
17074	10.2135721424687
17078	10.1719122592166
17081	10.8192379312314
17095	13.5335289120191
17100	10.0317965826246
17110	10.0950893025014
17116	14.9450515139908
17120	11.2426747402445
17126	14.5904213893872
17130	11.5714953484907
17131	13.9810811407965
17133	12.6244687653188
17136	10.0388488130792
17145	14.1521406731775
17160	15.6663730378591
17165	11.4608784087218
17173	11.1287898989196
17177	18.6258273302619
17178	11.2426747402445
17180	12.1152755197737
17183	12.8246930960466
17227	12.0096681977227
17233	18.2496643174588
17242	11.1858772550307
17249	11.5898288619914
17256	12.460837448669
17258	12.1444479085522
17276	9.96810199209663
17277	9.75278282459828
17289	13.8027762164342
17290	13.8998541286699
17302	10.3032573745655
17303	10.8453713942587
17311	12.4948680194056
17313	9.57704261361146
17317	11.7475208569511
17318	11.4299614966978
17341	12.3295168250019
17345	11.1096955927779
17351	11.355417474297
17362	9.22318994914089
17367	14.4147443584204
17368	10.8453713942587
17379	13.7925177414263
17386	13.3545478787036
17387	11.8375414903193
17388	10.779918947394
17390	14.8976218433956
17391	12.7860061509007
17393	10.2066406369927
17400	10.5945011040977
17414	11.9387443401292
17416	10.9428160420404
17437	11.7956173563793
17438	16.3948104263879
17441	10.0599758420171
17448	10.9815517951767
17450	14.7015604989414
17458	13.3439448219476
17470	8.60388825678096
17472	13.4863827419415
17473	9.91114094296032
17479	14.5807170840972
17491	11.4361515656578
17500	14.9876098863747
17509	10.7338647651007
17526	10.6544516046133
17533	13.4548601836632
17536	11.5837209148678
17545	14.7063735815712
17555	15.207924332109
17559	11.9801676171864
17563	11.741494941778
17564	11.0714081879397
17566	11.5531327418166
17568	11.5531327418166
17571	11.3179613497908
17585	11.6020351095681
17593	9.91827896401016
17600	12.6636492103748
17618	15.7744182701679
17620	9.83228070223291
17626	20.7297851293117
17627	12.5005307742938
17629	11.9742587795312
17638	13.8181496493224
17641	13.1570082019664
17651	14.8928705685679
17656	12.6132519983193
17660	9.68725386647117
17665	10.0950893025014
17669	10.9039426827971
17680	12.0801756617947
17699	10.3169859048049
17702	16.9048793820436
17704	12.7472017938823
17706	12.2892711509304
17714	12.674821377709
17729	10.1020973486786
17739	12.3639088494787
17750	14.821418674391
17761	14.2319278631054
17763	12.2199701972086
17769	12.5400984587833
17776	11.2803808541709
17779	10.9492815173708
17787	9.97519925322511
17794	16.5280862847143
17800	17.8497305412804
17810	12.5907884862823
17811	11.6020351095681
17823	14.9403153226141
17825	15.0347556772027
17838	10.3306961911261
17851	11.4423382859186
17852	16.4809182162657
17853	17.277551922209
17859	12.1327873701856
17861	10.6078527175924
17870	11.5408747725912
17897	16.0325217957415
17898	10.9104311943399
17900	12.5344535796052
17903	10.8126946963232
17904	11.5776097454027
17909	13.4968739008535
17912	11.0008685239055
17913	10.3921686448819
17918	15.2914594853399
17923	14.9781629204904
17924	12.3696315569591
17930	12.2373322285035
17936	14.5320983522498
17943	12.8687643362291
17959	11.5347409030255
17960	10.3512275718126
17966	12.5457407980829
17967	12.2950285984943
17968	10.4803256514668
17970	10.9751053304033
17991	12.4948680194056
18005	10.3306961911261
18009	14.2070425007152
18015	16.9675599062439
18016	13.04898496024
18048	12.9236420450437
18057	12.5400984587833
18068	10.8714420361888
18074	11.2678261693079
18087	11.7173602915072
18091	11.9328149906996
18096	11.5837209148678
18098	12.7749312192852
18101	10.8257772113276
18118	15.5893879378706
18120	10.5945011040977
18131	10.3032573745655
18134	15.0112012906918
18150	13.4285348597088
18165	13.6377146599603
18168	14.5952711224077
18174	12.340991482511
18183	14.6436801147665
18185	11.0777986116683
18188	11.3491833714531
18192	11.4855520183539
18198	13.9202053169165
18216	11.1541981281087
18226	11.8793176677765
18227	12.5457407980829
18229	11.9683470246512
18230	11.0458095220391
18231	10.8257772113276
18233	12.9619182000712
18242	10.9492815173708
18244	13.4653759024889
18252	12.7915400209503
18260	11.6871218919579
18261	11.1668805632776
18264	10.5610482226537
18268	13.0814855957869
18276	14.91661180884
18278	14.1471390329176
18285	12.2604433581164
18286	12.6020252475427
18293	11.6324946923333
18294	11.3054483980934
18305	16.5793893143079
18316	13.2481354427914
18319	11.4299614966978
18324	17.770256724715
18331	13.8283891095266
18338	14.2120230591506
18355	13.4074373842135
18356	13.1516281125155
18360	10.2550627891605
18366	11.2929215816169
18372	10.7470432412303
18376	11.5224633679836
18381	14.4686497608566
18391	16.1600277479739
18392	11.355417474297
18393	11.0714081879397
18410	12.6524671779863
18411	12.0567189878925
18413	12.1386190395298
18415	8.21680738285126
18426	15.4480156965113
18427	10.5342094290179
18428	14.5320983522498
18429	13.2106885889279
18431	11.4978689677573
18433	15.0159151238401
18434	16.5836574027591
18435	13.0109649440637
18439	13.9456025380268
18445	4.06946059744288
18470	13.512595366755
18472	12.7138466513382
18491	11.33670488129
18506	12.5513806009293
18509	13.3545478787036
18518	20.4202139558881
18520	10.5409255338946
18521	16.929979439493
18528	12.2892711509304
18531	10.9363467443765
18546	14.0215181916635
18549	12.3867838160285
18553	10.7536264230062
18556	11.7715936708378
18557	10.5409255338946
18558	12.1560972617425
18560	12.6188616281267
18565	15.9838913956272
18573	13.8539546501345
18587	13.2961264306889
18592	11.8554635921645
18598	11.7535436827028
18610	11.7354659324245
18613	13.5439835515944
18625	16.5366478425455
18650	11.5531327418166
18655	9.98229146830751
18673	8.9109775092215
18675	12.3810690365704
18682	12.4551566471662
18691	13.6688155319585
18692	15.9217833396066
18694	13.2588151184014
18695	9.45058291001116
18697	13.1731352865108
18698	12.5682848248872
18708	17.1707218016709
18717	11.052214747003
18726	16.0457590528162
18727	12.1444479085522
18738	14.8928705685679
18739	14.1120779157354
18740	12.4039123567982
18748	13.8896673525645
18788	12.1735503895556
18794	6.28414241244361
18798	11.6385770429148
18799	10.9879944779223
18801	15.207924332109
18820	12.9946365984412
18821	13.6791667757986
18844	11.0905684125785
18846	11.9801676171864
18860	10.13706490685
18876	16.8629629292845
18883	12.7472017938823
18896	14.1170919780417
18919	9.86103012237109
18921	12.9455279913656
18959	16.2168601594887
18961	12.0625874326245
18965	13.0055244399814
18966	12.4494732534653
18972	15.6166024851002
18978	14.0668709295802
18985	13.4179902684795
18986	11.14150125646
18988	13.5021164234443
18991	13.9456025380268
18992	14.0568051888068
19000	11.2991867258335
19018	13.7050106809015
19030	14.0668709295802
19038	11.6871218919579
19041	12.9728335015424
19051	11.33670488129
19058	13.4074373842135
19068	14.2567697878638
19070	13.1892426517531
19072	16.3948104263879
19078	10.6809882624153
19096	13.0435603144183
19099	16.4422255154502
19111	12.7472017938823
19127	12.5513806009293
19128	14.4490710647961
19132	11.3678754237093
19137	10.7733518319826
19140	10.3101239247276
19146	9.80344697240178
19148	11.7052743055251
19151	11.7052743055251
19154	14.9545193967992
19155	17.1087856068116
19161	9.96099967413606
19162	14.4245603243918
19170	16.9592158880819
19171	12.4039123567982
19205	10.2481593465814
19209	13.1300857096631
19216	13.0868945212179
19225	17.0300097305464
19227	13.1731352865108
19235	11.4608784087218
19236	11.6931758275578
19241	9.93253961690214
19245	13.3757287768328
19256	19.2388790129744
19290	9.81787442240415
19291	13.3545478787036
19308	10.6411584595683
19310	14.3754134683144
19320	10.3512275718126
19322	10.9879944779223
19323	12.7194119160614
19326	10.69423189833
19333	11.1160640057932
19361	11.2300779018459
19377	11.3429458423359
19378	12.2373322285035
19380	10.5073020812957
19406	14.1170919780417
19413	10.378539565385
19436	13.0868945212179
19443	10.779918947394
19447	12.702708807193
19471	13.4179902684795
19472	11.4299614966978
19478	14.7735920938195
19495	16.6177626468097
19502	14.9592510910789
19505	12.907203231464
19518	12.8687643362291
19522	10.8453713942587
19530	10.0740359129483
19538	7.5056006453459
19548	10.5207643572606
19561	11.1351473915255
19563	10.1091005365899
19565	13.5805114102074
19576	11.2803808541709
19583	15.0488706128827
19592	14.7208033874121
19595	12.4948680194056
19601	10.0740359129483
19613	11.2552574803217
19617	10.3169859048049
19622	15.9883184532929
19625	13.7462598657686
19628	10.5610482226537
19632	13.0760744329512
19633	10.0599758420171
19639	12.1677354618822
19662	18.6106225707235
19665	11.286652959662
19670	12.6412752543648
19689	12.3180314784709
19697	11.8733586417342
19719	15.1986143071581
19722	11.3616481565076
19725	12.3867838160285
19727	12.5795416877124
19733	12.6859837060527
19737	16.5238038422834
19744	11.1287898989196
19746	11.7354659324245
19750	12.7305351467976
19756	19.5273231190383
19769	17.277551922209
19770	10.3169859048049
19772	12.4096166166338
19784	11.5408747725912
19795	11.8315614235117
19800	10.7404560244048
19802	18.5114872237665
19814	12.0918869351818
19815	11.3054483980934
19822	10.7074591537237
19823	19.7829696502111
19840	13.3333333333333
19855	14.6291742368974
19859	11.4237680735952
19862	9.98229146830751
19867	12.6020252475427
19869	12.1677354618822
19875	12.4437872640143
19876	11.2991867258335
19889	12.6804037701302
19890	11.286652959662
19893	11.0841853510929
19908	13.9303697617297
19909	11.0137275213099
19922	15.7474764601188
19924	10.2688557513984
19947	14.0568051888068
19980	18.7734283919616
19982	13.5700849123861
19984	11.6203204402356
19990	12.5964081198967
19992	10.8257772113276
20000	10.0106100825601
20005	10.8779499338302
20010	13.04898496024
20012	11.656805052585
20015	12.763846678179
20018	13.4653759024889
20021	12.5061909651088
20037	9.60655591196648
20041	10.1788674137107
20048	15.3422848420798
20078	8.74260378943872
20081	10.2412512505172
20087	12.3180314784709
20089	12.9837396266309
20101	12.2719826014782
20109	9.74552358814431
20117	13.0760744329512
20122	13.8181496493224
20131	9.65065662998899
20138	11.4793885877956
20153	11.3179613497908
20165	11.2048417398337
20181	15.0629723220017
20183	10.779918947394
20195	12.3007833512543
20222	14.9970509014126
20226	10.6211875471407
20244	12.6636492103748
20254	9.16932021040923
20274	10.6478071065522
20280	10.6011790127999
20288	12.340991482511
20291	11.1287898989196
20297	10.2481593465814
20307	12.5344535796052
20321	12.5626526109253
20327	12.8026005850755
20332	12.0155596222604
20341	11.4917121432367
20345	14.4098338679497
20360	13.7514073139422
20366	13.6998458001147
20374	17.6944259738749
20385	11.1541981281087
20386	16.0457590528162
20391	16.2995664650859
20392	13.8590620990269
20396	12.4324074836148
20398	11.0650140735236
20401	17.1294558881289
20406	10.8974503078941
20408	13.6377146599603
20432	12.0743157654218
20439	11.6992266304609
20446	12.9564571009452
20456	12.5005307742938
20458	14.429465803304
20465	12.5513806009293
20470	11.2300779018459
20473	11.8793176677765
20487	12.0860327170051
20492	10.9363467443765
20499	10.9428160420404
20503	12.7249747468177
20504	14.4441722441553
20505	13.1085079042693
20526	12.6804037701302
20529	14.6194956554629
20547	12.3237754897313
20560	15.9351125870978
20564	11.1096955927779
20569	14.0366520527246
20572	13.0435603144183
20573	13.5021164234443
20578	10.8323125437739
20583	14.9213555239572
20586	12.8081272853481
20600	10.8453713942587
20618	12.9181647648464
20631	13.1838757165759
20636	11.9031239394856
20641	10.6011790127999
20648	11.2929215816169
20650	13.0706610299318
20660	12.5795416877124
20664	12.6132519983193
20667	10.8257772113276
20668	10.7864820645606
20715	11.2678261693079
20732	15.4434337549315
20742	11.7956173563793
20747	12.4892026969563
20749	12.7472017938823
20792	15.5712184818856
20814	20.3681613248156
20823	14.4979682301538
20840	11.4113711431137
20843	14.3458445371747
20846	10.473570687406
20862	12.0155596222604
20865	11.6750046031715
20871	12.9619182000712
20876	10.123092377939
20877	13.3968761873133
20891	13.9760182830745
20894	12.0860327170051
20895	15.5165824591046
20906	9.635978816734
20924	15.3607250949401
20933	11.2741052593296
20941	13.1731352865108
20946	19.8222818859206
20947	13.1838757165759
20959	12.0743157654218
20966	12.5061909651088
20968	13.3333333333333
20971	12.879758583716
20972	13.0923012120171
20985	13.7308059431023
20992	18.2651695575688
21003	11.8852737060889
21012	10.6411584595683
21017	11.5163196920641
21025	12.9126851613062
21044	16.0148550996916
21058	13.2588151184014
21060	17.6383420737639
21079	15.534815817286
21080	13.1623860923205
21092	11.3740992815113
21100	11.2426747402445
21104	17.1748429398081
21109	15.0770608416726
21115	11.9742587795312
21116	12.5682848248872
21122	11.8912267611609
21124	13.4390711774222
21126	14.0467322350311
21132	11.915009238442
21138	11.14150125646
21141	11.4423382859186
21143	13.5700849123861
21153	10.116098876325
21157	11.7173602915072
21158	10.2135721424687
21169	17.1170567146706
21175	11.6324946923333
21182	10.0950893025014
21191	13.3492474030518
21205	19.7972740408366
21212	12.6468724542204
21219	15.3238223987589
21224	9.29960542200334
21231	11.5224633679836
21244	10.3853563408755
21254	14.3852562722532
21282	11.4732218462343
21285	12.8081272853481
21295	13.2106885889279
21300	13.0598274921981
21308	13.549207846312
21309	11.8793176677765
21316	15.4663298887121
21319	10.1020973486786
21321	10.6078527175924
21325	17.2570590293108
21333	11.4113711431137
21334	13.8692713542597
21339	13.0218391331278
21368	16.5323676178478
21430	11.3491833714531
21442	11.3054483980934
21444	10.1510182030718
21467	18.0938811489367
21470	14.3013765118769
21484	10.7930411907761
21497	9.70914599352419
21506	14.0819560501933
21514	10.7536264230062
21522	12.2083817923286
21531	9.71643240805332
21533	13.6221375964417
21549	14.8405061500069
21620	10.2274210602095
21637	13.0814855957869
21648	8.83921007893425
21650	11.9860735419312
21666	11.6264091597733
21699	11.1985238133434
21716	13.8079025958929
21719	12.5231561878735
21725	15.1098829691169
21730	11.1351473915255
21736	15.0535726503706
21771	13.4390711774222
21785	12.4721912892465
21797	8.83119991863115
21828	13.874373164752
21863	17.150101256461
21886	10.9169158494113
21891	11.4237680735952
21902	11.9209474442622
21927	9.39048320404113
22002	15.0770608416726
22008	13.1193012431949
22028	13.1785065957193
22029	20.1269854027192
22045	17.2324353891406
22055	10.1997044210118
22056	15.282200350682
22063	10.4938225349106
22079	13.5335289120191
22100	12.0037738816878
22120	11.5470053837925
22125	11.33670488129
22133	12.6412752543648
22138	21.0751360330376
22141	12.0801756617947
22152	9.96810199209663
22154	16.0457590528162
22158	12.3867838160285
22204	13.3067675899997
22235	13.1570082019664
22236	17.2160000631418
22252	14.8643310267198
22261	12.8412375360746
22285	14.6194956554629
22304	11.4051676247737
22315	13.6429030621492
22320	14.8118657126029
22324	9.635978816734
22335	17.3307200381795
22336	16.5751201268251
22352	11.614228528708
22366	12.5118485953303
22388	10.8388439357112
22399	14.6388464192677
22400	10.8714420361888
22417	13.689510192608
22421	9.77452818676612
22439	14.1170919780417
22441	11.6810648187902
22471	11.1605411471759
22501	11.3304604826442
22515	9.46554821298794
22533	11.286652959662
22544	14.2070425007152
22547	13.6998458001147
22557	12.9728335015424
22587	13.8181496493224
22599	12.0918869351818
22608	13.7050106809015
22622	11.3740992815113
22632	11.0394005806686
22653	13.5596503972619
22681	13.3067675899997
22697	11.4917121432367
22698	10.7864820645606
22700	13.6169412820827
22707	11.4237680735952
22714	9.94677982438209
22738	11.5837209148678
22758	10.1300810514521
22773	13.7256507689228
22790	16.6772789992712
22791	10.9104311943399
22799	15.9573032573487
22831	9.9039977773888
22843	18.4425428977414
22844	12.6300734132155
22848	13.0598274921981
22871	11.3678754237093
22874	11.355417474297
22884	6.91675299871939
22887	15.0206274776745
22905	11.2741052593296
22952	12.6020252475427
22964	12.5005307742938
22966	12.3467248121966
23000	12.3237754897313
23011	11.6203204402356
23013	13.9810811407965
23014	10.5677472707252
23020	12.8136516018807
23031	11.33670488129
23035	14.682292390401
23049	16.1337298823017
23077	13.5335289120191
23078	11.4113711431137
23087	10.0247393910494
23110	11.4855520183539
23113	12.9400599750746
23121	13.4074373842135
23130	12.0390964903061
23159	10.6211875471407
23167	15.1379595798318
23171	11.5776097454027
23178	12.4665156615172
23181	10.8584145395545
23182	10.6610919615088
23184	12.4039123567982
23191	13.1085079042693
23197	10.7338647651007
23215	14.7735920938195
23246	12.9236420450437
23257	13.2106885889279
23263	11.0137275213099
23277	13.2481354427914
23281	9.05280569052978
23287	18.7696582486578
23294	11.7776041862516
23296	11.6689412402057
23305	13.2748185220761
23319	11.9860735419312
23321	14.5077278867489
23332	10.9298736175919
23339	12.9782877096881
23387	12.1386190395298
23389	13.3174002465823
23393	13.549207846312
23409	13.5230661899974
23418	12.8852521896743
23433	16.20376267977
23446	9.93253961690214
23448	10.9298736175919
23486	19.2829712305
23492	10.116098876325
23504	12.5626526109253
23506	14.5661485038557
23555	16.4206901748194
23556	9.98229146830751
23573	17.0341649117063
23575	13.5752991623048
23597	11.6871218919579
23606	11.6264091597733
23611	12.3924959601255
23619	11.1287898989196
23647	11.5898288619914
23686	11.4917121432367
23693	14.1020444427886
23719	11.6810648187902
23747	13.2320997676272
23766	11.8793176677765
23783	12.6636492103748
23784	10.6278486876808
23787	10.9879944779223
23796	13.1139056841581
23798	13.4863827419415
23807	13.2694861986949
23822	11.1160640057932
23838	11.0841853510929
23851	13.3014480744604
23859	13.4021578260706
23862	16.5665784513665
23872	9.73825894040485
23890	17.9170061193341
23896	18.8899296162234
23904	10.1997044210118
23916	10.4193733213891
23917	9.80344697240178
23945	15.7968346780524
23960	18.2845326177687
23962	10.9363467443765
23967	13.512595366755
23973	9.86103012237109
23981	13.3651425236692
23983	16.0810051338419
24034	12.5005307742938
24042	11.9268826935441
24045	11.9505942133591
24061	12.6804037701302
24101	12.4210172773907
24104	12.2083817923286
24108	11.4051676247737
24140	11.9446707462227
24172	10.5342094290179
24197	12.7915400209503
24206	21.0952747247163
24217	11.2489678696152
24229	11.5408747725912
24235	9.34515478230116
24238	17.1005104984161
24243	9.59181061407772
24244	10.1927634849096
24261	15.6754052513727
24266	10.7864820645606
24268	12.8742626335687
24278	11.0265715227836
24280	11.915009238442
24281	12.6076398725695
24285	10.116098876325
24316	10.0388488130792
24323	16.5665784513665
24333	9.42809041582063
24344	10.8779499338302
24353	12.0449735209175
24377	11.1922023204245
24392	13.4811341008624
24424	9.22318994914089
24442	12.1967823770803
24443	12.3237754897313
24450	11.0714081879397
24451	15.4342657910752
24486	16.2473798856716
24497	16.7492645421663
24499	19.2535876382215
24520	18.5420468602926
24532	10.4193733213891
24547	10.0458960928612
24551	10.3101239247276
24555	12.3639088494787
24563	11.7896160243417
24565	17.0216963252521
24566	12.5175036684305
24567	10.8779499338302
24583	14.9260977314578
24591	15.4250923782047
24593	12.5005307742938
24596	11.5101727368933
24598	9.48795190873696
24601	9.81066334950882
24612	12.1851719200204
24618	11.147851499926
24632	13.549207846312
24637	12.3352554880191
24644	15.8192193211052
24653	18.4693851617195
24659	13.8845711618399
24661	13.9202053169165
24662	8.60388825678096
24669	12.669236525542
24679	10.7602055771383
24684	13.4548601836632
24686	13.7204936578
24713	11.9505942133591
24714	11.7173602915072
24716	9.96099967413606
24721	12.1851719200204
24730	13.0652453839442
24747	11.5653777190129
24752	11.147851499926
24772	11.4732218462343
24784	11.3054483980934
24814	10.4397303059313
24838	14.1020444427886
24842	10.9815517951767
24862	11.6020351095681
24864	15.3745407701312
24872	15.8192193211052
24881	19.1319033028998
24883	7.89169432687956
24888	12.3007833512543
24892	16.7872495678651
24901	12.1735503895556
24909	17.34296645594
24918	11.286652959662
24934	10.1719122592166
24936	10.2135721424687
24939	10.6743602827126
24946	14.2865230789146
24951	8.88711942756174
24962	15.1379595798318
24973	13.0598274921981
24982	13.2534763563092
24988	14.8833634686086
24993	12.6915611887165
25003	13.0109649440637
25006	10.1719122592166
25017	10.7995963333122
25020	15.6663730378591
25022	15.0441671057783
25024	10.2963862451754
25046	11.5714953484907
25049	10.2481593465814
25055	13.0435603144183
25056	10.7074591537237
25062	10.9233966548794
